  0.000000E+000  0.000000E+000  0.000000E+000  1.544818E+003  2.103396E+003
  0.000000E+000  3.100000E+001  0.000000E+000  1.535484E+003  1.864630E+003
  0.000000E+000  6.200000E+001  0.000000E+000  1.528072E+003  1.627589E+003
  0.000000E+000  9.300000E+001  0.000000E+000  1.521689E+003  1.393986E+003
  0.000000E+000  1.240000E+002  0.000000E+000  1.512845E+003  1.161988E+003
  3.100000E+001  0.000000E+000  0.000000E+000  1.746785E+003  2.108422E+003
  3.100000E+001  3.100000E+001  0.000000E+000  1.740072E+003  1.860666E+003
  3.100000E+001  6.200000E+001  0.000000E+000  1.731462E+003  1.616743E+003
  3.100000E+001  9.300000E+001  0.000000E+000  1.723377E+003  1.376414E+003
  3.100000E+001  1.240000E+002  0.000000E+000  1.715216E+003  1.138037E+003
  6.200000E+001  0.000000E+000  0.000000E+000  1.961550E+003  2.114486E+003
  6.200000E+001  3.100000E+001  0.000000E+000  1.950798E+003  1.858225E+003
  6.200000E+001  6.200000E+001  0.000000E+000  1.941909E+003  1.605976E+003
  6.200000E+001  9.300000E+001  0.000000E+000  1.931919E+003  1.357451E+003
  6.200000E+001  1.240000E+002  0.000000E+000  1.923265E+003  1.111328E+003
  9.300000E+001  0.000000E+000  0.000000E+000  2.193885E+003  2.121963E+003
  9.300000E+001  3.100000E+001  0.000000E+000  2.181578E+003  1.855791E+003
  9.300000E+001  6.200000E+001  0.000000E+000  2.169971E+003  1.594351E+003
  9.300000E+001  9.300000E+001  0.000000E+000  2.157424E+003  1.336744E+003
  9.300000E+001  1.240000E+002  0.000000E+000  2.148162E+003  1.081148E+003
  1.240000E+002  0.000000E+000  0.000000E+000  2.443766E+003  2.130830E+003
  1.240000E+002  3.100000E+001  0.000000E+000  2.428985E+003  1.854777E+003
  1.240000E+002  6.200000E+001  0.000000E+000  2.414602E+003  1.582465E+003
  1.240000E+002  9.300000E+001  0.000000E+000  2.401724E+003  1.314160E+003
  1.240000E+002  1.240000E+002  0.000000E+000  2.390028E+003  1.048102E+003
  1.550000E+002  0.000000E+000  0.000000E+000  2.713287E+003  2.140893E+003
  1.550000E+002  3.100000E+001  0.000000E+000  2.696007E+003  1.853893E+003
  1.550000E+002  6.200000E+001  0.000000E+000  2.679940E+003  1.569518E+003
  1.550000E+002  9.300000E+001  0.000000E+000  2.665253E+003  1.289243E+003
  1.550000E+002  1.240000E+002  0.000000E+000  2.650845E+003  1.011334E+003
