  0.000000E+000  0.000000E+000  0.000000E+000  1.329701E+003  1.873321E+003
  0.000000E+000  3.100000E+001  0.000000E+000  1.376115E+003  1.646630E+003
  0.000000E+000  6.200000E+001  0.000000E+000  1.418581E+003  1.444355E+003
  0.000000E+000  9.300000E+001  0.000000E+000  1.456087E+003  1.264434E+003
  0.000000E+000  1.240000E+002  0.000000E+000  1.489454E+003  1.098696E+003
  3.100000E+001  0.000000E+000  0.000000E+000  1.612637E+003  1.888180E+003
  3.100000E+001  3.100000E+001  0.000000E+000  1.645055E+003  1.665675E+003
  3.100000E+001  6.200000E+001  0.000000E+000  1.673119E+003  1.464426E+003
  3.100000E+001  9.300000E+001  0.000000E+000  1.697914E+003  1.283551E+003
  3.100000E+001  1.240000E+002  0.000000E+000  1.720430E+003  1.119495E+003
  6.200000E+001  0.000000E+000  0.000000E+000  1.891340E+003  1.904474E+003
  6.200000E+001  3.100000E+001  0.000000E+000  1.908155E+003  1.679323E+003
  6.200000E+001  6.200000E+001  0.000000E+000  1.923112E+003  1.479526E+003
  6.200000E+001  9.300000E+001  0.000000E+000  1.936012E+003  1.297863E+003
  6.200000E+001  1.240000E+002  0.000000E+000  1.947674E+003  1.134206E+003
  9.300000E+001  0.000000E+000  0.000000E+000  2.172145E+003  1.921479E+003
  9.300000E+001  3.100000E+001  0.000000E+000  2.173658E+003  1.696452E+003
  9.300000E+001  6.200000E+001  0.000000E+000  2.174960E+003  1.495516E+003
  9.300000E+001  9.300000E+001  0.000000E+000  2.176407E+003  1.311468E+003
  9.300000E+001  1.240000E+002  0.000000E+000  2.177463E+003  1.147331E+003
  1.240000E+002  0.000000E+000  0.000000E+000  2.452421E+003  1.940022E+003
  1.240000E+002  3.100000E+001  0.000000E+000  2.438418E+003  1.714350E+003
  1.240000E+002  6.200000E+001  0.000000E+000  2.425896E+003  1.511315E+003
  1.240000E+002  9.300000E+001  0.000000E+000  2.415418E+003  1.327384E+003
  1.240000E+002  1.240000E+002  0.000000E+000  2.406002E+003  1.160957E+003
  1.550000E+002  0.000000E+000  0.000000E+000  2.734534E+003  1.957197E+003
  1.550000E+002  3.100000E+001  0.000000E+000  2.706148E+003  1.729086E+003
  1.550000E+002  6.200000E+001  0.000000E+000  2.680049E+003  1.524764E+003
  1.550000E+002  9.300000E+001  0.000000E+000  2.656710E+003  1.341298E+003
  1.550000E+002  1.240000E+002  0.000000E+000  2.636307E+003  1.173370E+003
