  0.000000E+000  0.000000E+000  0.000000E+000  1.209512E+003  2.282535E+003
  0.000000E+000  3.100000E+001  0.000000E+000  1.309948E+003  2.038393E+003
  0.000000E+000  6.200000E+001  0.000000E+000  1.414400E+003  1.781107E+003
  0.000000E+000  9.300000E+001  0.000000E+000  1.520464E+003  1.512682E+003
  0.000000E+000  1.240000E+002  0.000000E+000  1.630427E+003  1.235372E+003
  3.100000E+001  0.000000E+000  0.000000E+000  1.466362E+003  2.299762E+003
  3.100000E+001  3.100000E+001  0.000000E+000  1.564883E+003  2.062723E+003
  3.100000E+001  6.200000E+001  0.000000E+000  1.667593E+003  1.818849E+003
  3.100000E+001  9.300000E+001  0.000000E+000  1.772251E+003  1.566923E+003
  3.100000E+001  1.240000E+002  0.000000E+000  1.878609E+003  1.305542E+003
  6.200000E+001  0.000000E+000  0.000000E+000  1.697739E+003  2.315098E+003
  6.200000E+001  3.100000E+001  0.000000E+000  1.796471E+003  2.090550E+003
  6.200000E+001  6.200000E+001  0.000000E+000  1.896605E+003  1.857233E+003
  6.200000E+001  9.300000E+001  0.000000E+000  1.999396E+003  1.618249E+003
  6.200000E+001  1.240000E+002  0.000000E+000  2.103976E+003  1.371231E+003
  9.300000E+001  0.000000E+000  0.000000E+000  1.911460E+003  2.329690E+003
  9.300000E+001  3.100000E+001  0.000000E+000  2.007674E+003  2.114653E+003
  9.300000E+001  6.200000E+001  0.000000E+000  2.105862E+003  1.892587E+003
  9.300000E+001  9.300000E+001  0.000000E+000  2.208390E+003  1.666753E+003
  9.300000E+001  1.240000E+002  0.000000E+000  2.311470E+003  1.430848E+003
  1.240000E+002  0.000000E+000  0.000000E+000  2.105051E+003  2.343108E+003
  1.240000E+002  3.100000E+001  0.000000E+000  2.198986E+003  2.137220E+003
  1.240000E+002  6.200000E+001  0.000000E+000  2.296039E+003  1.925513E+003
  1.240000E+002  9.300000E+001  0.000000E+000  2.396051E+003  1.708461E+003
  1.240000E+002  1.240000E+002  0.000000E+000  2.499497E+003  1.485008E+003
  1.550000E+002  0.000000E+000  0.000000E+000  2.284501E+003  2.357737E+003
  1.550000E+002  3.100000E+001  0.000000E+000  2.378077E+003  2.161573E+003
  1.550000E+002  6.200000E+001  0.000000E+000  2.473246E+003  1.957766E+003
  1.550000E+002  9.300000E+001  0.000000E+000  2.570998E+003  1.748865E+003
  1.550000E+002  1.240000E+002  0.000000E+000  2.673795E+003  1.535077E+003
