  0.000000E+000  0.000000E+000  0.000000E+000  1.130974E+003  1.995994E+003
  0.000000E+000  3.100000E+001  0.000000E+000  1.128302E+003  1.804599E+003
  0.000000E+000  6.200000E+001  0.000000E+000  1.127038E+003  1.599272E+003
  0.000000E+000  9.300000E+001  0.000000E+000  1.128040E+003  1.381367E+003
  0.000000E+000  1.240000E+002  0.000000E+000  1.126654E+003  1.150999E+003
  3.100000E+001  0.000000E+000  0.000000E+000  1.315633E+003  2.064572E+003
  3.100000E+001  3.100000E+001  0.000000E+000  1.322754E+003  1.867292E+003
  3.100000E+001  6.200000E+001  0.000000E+000  1.328220E+003  1.659461E+003
  3.100000E+001  9.300000E+001  0.000000E+000  1.333923E+003  1.438732E+003
  3.100000E+001  1.240000E+002  0.000000E+000  1.340610E+003  1.204486E+003
  6.200000E+001  0.000000E+000  0.000000E+000  1.508121E+003  2.136276E+003
  6.200000E+001  3.100000E+001  0.000000E+000  1.519046E+003  1.936999E+003
  6.200000E+001  6.200000E+001  0.000000E+000  1.532416E+003  1.724527E+003
  6.200000E+001  9.300000E+001  0.000000E+000  1.544477E+003  1.500934E+003
  6.200000E+001  1.240000E+002  0.000000E+000  1.557944E+003  1.263149E+003
  9.300000E+001  0.000000E+000  0.000000E+000  1.711130E+003  2.212959E+003
  9.300000E+001  3.100000E+001  0.000000E+000  1.729389E+003  2.009431E+003
  9.300000E+001  6.200000E+001  0.000000E+000  1.748508E+003  1.793681E+003
  9.300000E+001  9.300000E+001  0.000000E+000  1.766434E+003  1.567453E+003
  9.300000E+001  1.240000E+002  0.000000E+000  1.787966E+003  1.324908E+003
  1.240000E+002  0.000000E+000  0.000000E+000  1.923679E+003  2.293393E+003
  1.240000E+002  3.100000E+001  0.000000E+000  1.947581E+003  2.085819E+003
  1.240000E+002  6.200000E+001  0.000000E+000  1.973249E+003  1.866495E+003
  1.240000E+002  9.300000E+001  0.000000E+000  1.999811E+003  1.635320E+003
  1.240000E+002  1.240000E+002  0.000000E+000  2.028425E+003  1.389436E+003
  1.550000E+002  0.000000E+000  0.000000E+000  2.145869E+003  2.381260E+003
  1.550000E+002  3.100000E+001  0.000000E+000  2.176408E+003  2.170792E+003
  1.550000E+002  6.200000E+001  0.000000E+000  2.209605E+003  1.946520E+003
  1.550000E+002  9.300000E+001  0.000000E+000  2.244662E+003  1.709079E+003
  1.550000E+002  1.240000E+002  0.000000E+000  2.281948E+003  1.457970E+003
