  0.000000E+000  0.000000E+000  0.000000E+000  9.304678E+002  1.662629E+003
  0.000000E+000  3.100000E+001  0.000000E+000  1.020931E+003  1.424648E+003
  0.000000E+000  6.200000E+001  0.000000E+000  1.096145E+003  1.231264E+003
  0.000000E+000  9.300000E+001  0.000000E+000  1.159500E+003  1.074641E+003
  0.000000E+000  1.240000E+002  0.000000E+000  1.211689E+003  9.391490E+002
  3.100000E+001  0.000000E+000  0.000000E+000  1.367581E+003  1.655923E+003
  3.100000E+001  3.100000E+001  0.000000E+000  1.417466E+003  1.427800E+003
  3.100000E+001  6.200000E+001  0.000000E+000  1.457335E+003  1.237852E+003
  3.100000E+001  9.300000E+001  0.000000E+000  1.490318E+003  1.079427E+003
  3.100000E+001  1.240000E+002  0.000000E+000  1.517849E+003  9.459686E+002
  6.200000E+001  0.000000E+000  0.000000E+000  1.794342E+003  1.649724E+003
  6.200000E+001  3.100000E+001  0.000000E+000  1.802073E+003  1.420618E+003
  6.200000E+001  6.200000E+001  0.000000E+000  1.808597E+003  1.234881E+003
  6.200000E+001  9.300000E+001  0.000000E+000  1.813539E+003  1.077203E+003
  6.200000E+001  1.240000E+002  0.000000E+000  1.815990E+003  9.465878E+002
  9.300000E+001  0.000000E+000  0.000000E+000  2.217938E+003  1.644054E+003
  9.300000E+001  3.100000E+001  0.000000E+000  2.185727E+003  1.417934E+003
  9.300000E+001  6.200000E+001  0.000000E+000  2.158499E+003  1.233450E+003
  9.300000E+001  9.300000E+001  0.000000E+000  2.135680E+003  1.073905E+003
  9.300000E+001  1.240000E+002  0.000000E+000  2.117908E+003  9.439282E+002
  1.240000E+002  0.000000E+000  0.000000E+000  2.640773E+003  1.640680E+003
  1.240000E+002  3.100000E+001  0.000000E+000  2.566192E+003  1.415724E+003
  1.240000E+002  6.200000E+001  0.000000E+000  2.505740E+003  1.230833E+003
  1.240000E+002  9.300000E+001  0.000000E+000  2.457082E+003  1.074392E+003
  1.240000E+002  1.240000E+002  0.000000E+000  2.412461E+003  9.403093E+002
  1.550000E+002  0.000000E+000  0.000000E+000  3.063348E+003  1.633219E+003
  1.550000E+002  3.100000E+001  0.000000E+000  2.950262E+003  1.406487E+003
  1.550000E+002  6.200000E+001  0.000000E+000  2.854649E+003  1.221443E+003
  1.550000E+002  9.300000E+001  0.000000E+000  2.775317E+003  1.069044E+003
  1.550000E+002  1.240000E+002  0.000000E+000  2.710786E+003  9.383462E+002
