  0.000000E+000  0.000000E+000  0.000000E+000  1.531626E+003  2.087729E+003
  0.000000E+000  3.100000E+001  0.000000E+000  1.531057E+003  1.857289E+003
  0.000000E+000  6.200000E+001  0.000000E+000  1.530251E+003  1.627449E+003
  0.000000E+000  9.300000E+001  0.000000E+000  1.528782E+003  1.399402E+003
  0.000000E+000  1.240000E+002  0.000000E+000  1.525899E+003  1.171686E+003
  3.100000E+001  0.000000E+000  0.000000E+000  1.763391E+003  2.082823E+003
  3.100000E+001  3.100000E+001  0.000000E+000  1.762334E+003  1.852426E+003
  3.100000E+001  6.200000E+001  0.000000E+000  1.760585E+003  1.624302E+003
  3.100000E+001  9.300000E+001  0.000000E+000  1.758165E+003  1.398281E+003
  3.100000E+001  1.240000E+002  0.000000E+000  1.755311E+003  1.172593E+003
  6.200000E+001  0.000000E+000  0.000000E+000  1.991189E+003  2.078837E+003
  6.200000E+001  3.100000E+001  0.000000E+000  1.988698E+003  1.849191E+003
  6.200000E+001  6.200000E+001  0.000000E+000  1.986397E+003  1.621603E+003
  6.200000E+001  9.300000E+001  0.000000E+000  1.983029E+003  1.396307E+003
  6.200000E+001  1.240000E+002  0.000000E+000  1.979956E+003  1.171691E+003
  9.300000E+001  0.000000E+000  0.000000E+000  2.220747E+003  2.075576E+003
  9.300000E+001  3.100000E+001  0.000000E+000  2.216725E+003  1.846324E+003
  9.300000E+001  6.200000E+001  0.000000E+000  2.212906E+003  1.619411E+003
  9.300000E+001  9.300000E+001  0.000000E+000  2.209531E+003  1.394011E+003
  9.300000E+001  1.240000E+002  0.000000E+000  2.206104E+003  1.169661E+003
  1.240000E+002  0.000000E+000  0.000000E+000  2.448420E+003  2.073106E+003
  1.240000E+002  3.100000E+001  0.000000E+000  2.442952E+003  1.844211E+003
  1.240000E+002  6.200000E+001  0.000000E+000  2.438179E+003  1.617007E+003
  1.240000E+002  9.300000E+001  0.000000E+000  2.434366E+003  1.391545E+003
  1.240000E+002  1.240000E+002  0.000000E+000  2.430762E+003  1.167104E+003
  1.550000E+002  0.000000E+000  0.000000E+000  2.676454E+003  2.071524E+003
  1.550000E+002  3.100000E+001  0.000000E+000  2.671017E+003  1.842677E+003
  1.550000E+002  6.200000E+001  0.000000E+000  2.665454E+003  1.614794E+003
  1.550000E+002  9.300000E+001  0.000000E+000  2.660311E+003  1.388846E+003
  1.550000E+002  1.240000E+002  0.000000E+000  2.656716E+003  1.163576E+003
