  0.000000E+000  0.000000E+000  0.000000E+000  1.831062E+003  2.081604E+003
  0.000000E+000  3.100000E+001  0.000000E+000  1.842223E+003  1.808698E+003
  0.000000E+000  6.200000E+001  0.000000E+000  1.850602E+003  1.540686E+003
  0.000000E+000  9.300000E+001  0.000000E+000  1.855298E+003  1.278284E+003
  0.000000E+000  1.240000E+002  0.000000E+000  1.861335E+003  1.017705E+003
  3.100000E+001  0.000000E+000  0.000000E+000  2.044740E+003  2.072160E+003
  3.100000E+001  3.100000E+001  0.000000E+000  2.048729E+003  1.811673E+003
  3.100000E+001  6.200000E+001  0.000000E+000  2.053664E+003  1.557065E+003
  3.100000E+001  9.300000E+001  0.000000E+000  2.057492E+003  1.307148E+003
  3.100000E+001  1.240000E+002  0.000000E+000  2.060444E+003  1.059667E+003
  6.200000E+001  0.000000E+000  0.000000E+000  2.237324E+003  2.064480E+003
  6.200000E+001  3.100000E+001  0.000000E+000  2.240834E+003  1.815684E+003
  6.200000E+001  6.200000E+001  0.000000E+000  2.242329E+003  1.571788E+003
  6.200000E+001  9.300000E+001  0.000000E+000  2.244851E+003  1.332245E+003
  6.200000E+001  1.240000E+002  0.000000E+000  2.246371E+003  1.095915E+003
  9.300000E+001  0.000000E+000  0.000000E+000  2.416487E+003  2.057708E+003
  9.300000E+001  3.100000E+001  0.000000E+000  2.417248E+003  1.819497E+003
  9.300000E+001  6.200000E+001  0.000000E+000  2.417235E+003  1.585788E+003
  9.300000E+001  9.300000E+001  0.000000E+000  2.419961E+003  1.355585E+003
  9.300000E+001  1.240000E+002  0.000000E+000  2.419794E+003  1.128714E+003
  1.240000E+002  0.000000E+000  0.000000E+000  2.579772E+003  2.051767E+003
  1.240000E+002  3.100000E+001  0.000000E+000  2.578427E+003  1.823506E+003
  1.240000E+002  6.200000E+001  0.000000E+000  2.577449E+003  1.598655E+003
  1.240000E+002  9.300000E+001  0.000000E+000  2.577748E+003  1.377091E+003
  1.240000E+002  1.240000E+002  0.000000E+000  2.578067E+003  1.158779E+003
  1.550000E+002  0.000000E+000  0.000000E+000  2.732487E+003  2.046677E+003
  1.550000E+002  3.100000E+001  0.000000E+000  2.731464E+003  1.827123E+003
  1.550000E+002  6.200000E+001  0.000000E+000  2.728693E+003  1.610006E+003
  1.550000E+002  9.300000E+001  0.000000E+000  2.726289E+003  1.396750E+003
  1.550000E+002  1.240000E+002  0.000000E+000  2.725933E+003  1.186270E+003
