  0.000000E+000  0.000000E+000  0.000000E+000  1.885452E+003  1.910521E+003
  0.000000E+000  3.100000E+001  0.000000E+000  1.898483E+003  1.660851E+003
  0.000000E+000  6.200000E+001  0.000000E+000  1.909401E+003  1.434310E+003
  0.000000E+000  9.300000E+001  0.000000E+000  1.917506E+003  1.228450E+003
  0.000000E+000  1.240000E+002  0.000000E+000  1.925876E+003  1.036631E+003
  3.100000E+001  0.000000E+000  0.000000E+000  2.152129E+003  1.957298E+003
  3.100000E+001  3.100000E+001  0.000000E+000  2.150104E+003  1.713127E+003
  3.100000E+001  6.200000E+001  0.000000E+000  2.149188E+003  1.489357E+003
  3.100000E+001  9.300000E+001  0.000000E+000  2.148085E+003  1.284897E+003
  3.100000E+001  1.240000E+002  0.000000E+000  2.146790E+003  1.096459E+003
  6.200000E+001  0.000000E+000  0.000000E+000  2.407059E+003  2.003433E+003
  6.200000E+001  3.100000E+001  0.000000E+000  2.394659E+003  1.759653E+003
  6.200000E+001  6.200000E+001  0.000000E+000  2.382467E+003  1.538732E+003
  6.200000E+001  9.300000E+001  0.000000E+000  2.372043E+003  1.335052E+003
  6.200000E+001  1.240000E+002  0.000000E+000  2.361754E+003  1.148413E+003
  9.300000E+001  0.000000E+000  0.000000E+000  2.656440E+003  2.047656E+003
  9.300000E+001  3.100000E+001  0.000000E+000  2.633145E+003  1.807324E+003
  9.300000E+001  6.200000E+001  0.000000E+000  2.610978E+003  1.587552E+003
  9.300000E+001  9.300000E+001  0.000000E+000  2.592633E+003  1.383323E+003
  9.300000E+001  1.240000E+002  0.000000E+000  2.573654E+003  1.198038E+003
  1.240000E+002  0.000000E+000  0.000000E+000  2.894170E+003  2.089955E+003
  1.240000E+002  3.100000E+001  0.000000E+000  2.861498E+003  1.852775E+003
  1.240000E+002  6.200000E+001  0.000000E+000  2.830801E+003  1.634299E+003
  1.240000E+002  9.300000E+001  0.000000E+000  2.803301E+003  1.432157E+003
  1.240000E+002  1.240000E+002  0.000000E+000  2.777889E+003  1.246881E+003
  1.550000E+002  0.000000E+000  0.000000E+000  3.123195E+003  2.128760E+003
  1.550000E+002  3.100000E+001  0.000000E+000  3.083385E+003  1.893951E+003
  1.550000E+002  6.200000E+001  0.000000E+000  3.044709E+003  1.677706E+003
  1.550000E+002  9.300000E+001  0.000000E+000  3.008456E+003  1.478066E+003
  1.550000E+002  1.240000E+002  0.000000E+000  2.975172E+003  1.293437E+003
