  0.000000E+000  0.000000E+000  0.000000E+000  1.305045E+003  2.115322E+003
  0.000000E+000  3.100000E+001  0.000000E+000  1.325535E+003  1.882104E+003
  0.000000E+000  6.200000E+001  0.000000E+000  1.346687E+003  1.664731E+003
  0.000000E+000  9.300000E+001  0.000000E+000  1.368408E+003  1.464622E+003
  0.000000E+000  1.240000E+002  0.000000E+000  1.385796E+003  1.276023E+003
  3.100000E+001  0.000000E+000  0.000000E+000  1.514536E+003  2.076490E+003
  3.100000E+001  3.100000E+001  0.000000E+000  1.532569E+003  1.839770E+003
  3.100000E+001  6.200000E+001  0.000000E+000  1.547075E+003  1.619937E+003
  3.100000E+001  9.300000E+001  0.000000E+000  1.561194E+003  1.416055E+003
  3.100000E+001  1.240000E+002  0.000000E+000  1.573908E+003  1.226388E+003
  6.200000E+001  0.000000E+000  0.000000E+000  1.734922E+003  2.035675E+003
  6.200000E+001  3.100000E+001  0.000000E+000  1.742964E+003  1.793312E+003
  6.200000E+001  6.200000E+001  0.000000E+000  1.751519E+003  1.570411E+003
  6.200000E+001  9.300000E+001  0.000000E+000  1.757860E+003  1.363155E+003
  6.200000E+001  1.240000E+002  0.000000E+000  1.764985E+003  1.170802E+003
  9.300000E+001  0.000000E+000  0.000000E+000  1.969755E+003  1.992255E+003
  9.300000E+001  3.100000E+001  0.000000E+000  1.969147E+003  1.745372E+003
  9.300000E+001  6.200000E+001  0.000000E+000  1.968899E+003  1.518464E+003
  9.300000E+001  9.300000E+001  0.000000E+000  1.967053E+003  1.306292E+003
  9.300000E+001  1.240000E+002  0.000000E+000  1.967509E+003  1.110531E+003
  1.240000E+002  0.000000E+000  0.000000E+000  2.218318E+003  1.947829E+003
  1.240000E+002  3.100000E+001  0.000000E+000  2.207019E+003  1.695714E+003
  1.240000E+002  6.200000E+001  0.000000E+000  2.197104E+003  1.463576E+003
  1.240000E+002  9.300000E+001  0.000000E+000  2.188243E+003  1.247950E+003
  1.240000E+002  1.240000E+002  0.000000E+000  2.180277E+003  1.047421E+003
  1.550000E+002  0.000000E+000  0.000000E+000  2.482585E+003  1.900485E+003
  1.550000E+002  3.100000E+001  0.000000E+000  2.459485E+003  1.641305E+003
  1.550000E+002  6.200000E+001  0.000000E+000  2.439724E+003  1.403455E+003
  1.550000E+002  9.300000E+001  0.000000E+000  2.422329E+003  1.184062E+003
  1.550000E+002  1.240000E+002  0.000000E+000  2.406084E+003  9.793296E+002
