  0.000000E+000  0.000000E+000  0.000000E+000  1.427846E+003  2.202506E+003
  0.000000E+000  3.100000E+001  0.000000E+000  1.412403E+003  2.020375E+003
  0.000000E+000  6.200000E+001  0.000000E+000  1.395911E+003  1.818587E+003
  0.000000E+000  9.300000E+001  0.000000E+000  1.378143E+003  1.595725E+003
  0.000000E+000  1.240000E+002  0.000000E+000  1.357115E+003  1.352919E+003
  3.100000E+001  0.000000E+000  0.000000E+000  1.677136E+003  2.207814E+003
  3.100000E+001  3.100000E+001  0.000000E+000  1.673286E+003  2.021263E+003
  3.100000E+001  6.200000E+001  0.000000E+000  1.668717E+003  1.820203E+003
  3.100000E+001  9.300000E+001  0.000000E+000  1.663495E+003  1.600198E+003
  3.100000E+001  1.240000E+002  0.000000E+000  1.656693E+003  1.358328E+003
  6.200000E+001  0.000000E+000  0.000000E+000  1.922399E+003  2.213498E+003
  6.200000E+001  3.100000E+001  0.000000E+000  1.928657E+003  2.029602E+003
  6.200000E+001  6.200000E+001  0.000000E+000  1.935057E+003  1.827414E+003
  6.200000E+001  9.300000E+001  0.000000E+000  1.941360E+003  1.609195E+003
  6.200000E+001  1.240000E+002  0.000000E+000  1.948370E+003  1.369212E+003
  9.300000E+001  0.000000E+000  0.000000E+000  2.169452E+003  2.220033E+003
  9.300000E+001  3.100000E+001  0.000000E+000  2.184962E+003  2.035948E+003
  9.300000E+001  6.200000E+001  0.000000E+000  2.201825E+003  1.835256E+003
  9.300000E+001  9.300000E+001  0.000000E+000  2.220013E+003  1.619589E+003
  9.300000E+001  1.240000E+002  0.000000E+000  2.240085E+003  1.379519E+003
  1.240000E+002  0.000000E+000  0.000000E+000  2.413732E+003  2.227618E+003
  1.240000E+002  3.100000E+001  0.000000E+000  2.438604E+003  2.043931E+003
  1.240000E+002  6.200000E+001  0.000000E+000  2.466038E+003  1.844084E+003
  1.240000E+002  9.300000E+001  0.000000E+000  2.496718E+003  1.627298E+003
  1.240000E+002  1.240000E+002  0.000000E+000  2.530526E+003  1.389527E+003
  1.550000E+002  0.000000E+000  0.000000E+000  2.657884E+003  2.238208E+003
  1.550000E+002  3.100000E+001  0.000000E+000  2.693586E+003  2.056261E+003
  1.550000E+002  6.200000E+001  0.000000E+000  2.732284E+003  1.855863E+003
  1.550000E+002  9.300000E+001  0.000000E+000  2.774543E+003  1.637655E+003
  1.550000E+002  1.240000E+002  0.000000E+000  2.822428E+003  1.400456E+003
