2.05752567378 1.03682454602 3.65685378925
1.62334157883 0.694435350152 3.73596071023
1.87346989491 0.69183678828 3.74586354305
1.88584090209 0.936836405881 3.6789555416
1.63384701242 0.939537547554 3.66657955271
2.04655662653 0.502182536294 3.81172026022
2.2958883203 0.505584403698 3.82099982723
2.30555059116 0.745511073461 3.74601044561
2.05470038509 0.744126939755 3.7439154416
0.78141239591 0.92051160933 3.60943709815
1.03690019719 0.922318804345 3.63173609957
1.0402385148 1.16761006572 3.55742522686
0.50388300158 0.486278924243 3.68973279755
0.50800116767 0.730010214693 3.62358430878
0.974442744562 0.405056928574 3.75635604856
1.22621610888 0.410291158615 3.76703860803
1.22700944847 0.656501981684 3.71552592086
0.97232347785 0.64886407125 3.69281707371
1.54714277391 -0.727174567541 3.24334667587
2.88558277981 0.8721372838 3.73493918011
3.13441701283 0.876084560838 3.74973329676
3.12458571054 0.629462250436 3.80909387832
2.87595384441 0.627296694906 3.79867154182
3.29314189838 0.981427719418 3.71500309707
3.54944234365 0.991176677745 3.73725257097
3.54550286046 0.743336138012 3.80402085031
3.2871188882 0.737771002774 3.78416995604
2.50464869823 1.09916768238 3.64821864814
2.75302997426 1.10416742469 3.66374023835
2.15269531022 -0.797201023339 3.07415932662
1.80003026865 -0.7256970468 3.23625466393
2.74155528193 0.856970038412 3.73064579992
2.49228863539 0.853367357395 3.71842353311
2.06236745433 1.28349675314 3.58169487246
2.31609286962 1.29040088625 3.58550171099
2.30977257148 1.04077036549 3.65459885637