1
-1.7780474013548275 -0.5911724465900646 2.538114159560967
-1.6167995200194363 -0.5876025476704967 2.525722531509747
-1.6053059325272965 -0.5597621240987823 2.6867047324758473
-1.7675475951523465 -0.5622238510981535 2.6967577924941404
6
-0.7226252380666552 0.1373691807122849 3.0892130791345105
-0.5631206110358429 0.1405330320573944 3.086604420825473
-0.5659680213599725 0.300476203006917 3.0640311453438516
-0.7261388641456582 0.29693207389012743 3.0662599876236207
7
-0.7524670195106614 -0.6195602434516664 2.297376415423312
-0.5919010400274396 -0.6187448844051906 2.2918126337334934
-0.5843321542216886 -0.5886409587720803 2.4535007712913735
-0.745430237334934 -0.589250295386726 2.457878928920139
8
-0.4510691785365574 0.36744341926084717 3.0491309237523576
-0.29105369353627164 0.36708285496255644 3.0439622161950495
-0.29122848692562736 0.5265930726090436 3.013962988435374
-0.4515618018218716 0.5256628412010519 3.016055590584805
10
-0.3968960171405705 -0.5808066931458298 2.487796400680272
-0.2351234462287772 -0.5800962314640141 2.4813908431372544
-0.22817182822900586 -0.5504007906848454 2.6427155714800206
-0.38968479982507287 -0.5502610991533756 2.6485516747384668
11
0.059264238233007485 0.28559682577373807 3.0462278479391753
0.22035142591550905 0.2867650920019436 3.041916658537701
0.218976175251815 0.446183292605042 3.0131875229806204
0.05764370231692677 0.4445399139673012 3.017801498222146
14
0.24997671995426743 -0.5686010363299605 2.520612926038987
0.4058763003915852 -0.5663598864763048 2.5118860096324243
0.40823265209798204 -0.5356510602904019 2.6686978459212254
0.2532438688406791 -0.5394337603938718 2.678713518721774
16
-1.537182031732693 0.41825568205110614 3.041066320951238
-1.3792673464985994 0.41825568205110614 3.017210484565255
-1.3792673464985994 0.5791538516263648 3.020979401137598
-1.5397254476304807 0.5792631124392613 3.030644767872863
17
-0.7465349901274795 0.4865908738055222 3.029852105407877
-0.5864137175212941 0.4913984560018293 3.0269524641170755
-0.5916115650545932 0.650918376179043 2.9969678036300236
-0.7527421744983707 0.6459486643914708 2.9988272547819124
18
1.968265199891385 0.6191898145372434 2.93893409876522
2.1276591779911964 0.6228208736408849 2.9207922033499116
2.121326147790545 0.7815904916423712 2.8936112433544845
1.9574557954496083 0.7773558122620476 2.9186568592637054
19
0.889073410226948 0.2656542716423712 2.6244719742754246
1.0631308178071228 0.26612765498770935 2.630997310049734
1.0631461634825357 0.42848211199622704 2.6031538943062937
0.8874324569770765 0.4262055246098439 2.596172524301149
20
1.3509002437660778 0.49738447194592117 2.5752730976619223
1.5167776628422798 0.4992263652689647 2.550379625410164
1.5153528222889157 0.6547559901674955 2.52217982566741
1.3505347683301892 0.6528264141828161 2.546522487932316
22
2.0524950606128165 0.1693090349334019 3.011167971451438
2.2124126210941517 0.17133771925741725 2.994718703275596
2.208028624804207 0.329767072746813 2.968410169890813
2.0487279765963526 0.32770977031612647 2.9852265702223746
23
2.4316108955239235 0.5145068412662207 2.9141327744011893
2.5979829291488024 0.5144766179649003 2.9233022800205797
2.594942945275253 0.6666424217229748 2.8662386026353395
2.4316108955239235 0.6666424217229748 2.8960626943748924
24
2.548455942634196 -0.48294906964957407 2.7280126872806267
2.707318660412736 -0.4803801203024066 2.7084634495398157
2.7235378765106044 -0.45017450663293884 2.8668540865317556
2.564163732841708 -0.4482773524352598 2.8863023272223174
26
3.1761377153489967 0.6700808363688332 2.815861549151089
3.334188955405019 0.6679150881895615 2.804065421934488
3.3326179368547417 0.828129176099011 2.7737031869833646
3.175501235448465 0.8275130024238266 2.7851075197107416
27
3.4384576827931173 -0.26933322374321156 2.9680540142456984
3.5958218239924538 -0.2676654432841708 2.9490958100325844
3.591540206574058 -0.10974057123020636 2.9246284870633965
3.433426802875436 -0.11216715858629166 2.937733197833419
28
3.7664478248785227 -0.06532279141142171 2.8995731281369688
3.924799923695192 -0.0640573938483965 2.8782177131023836
3.9196062051220486 0.09313186192991482 2.8508015886869034
3.7613198662093406 0.09097446787915166 2.869962413702624
29
3.5845984293603155 -0.48801433350254386 2.5540504154175956
3.7446249252043673 -0.4881040500497342 2.534628174344023
3.761488047344652 -0.4564543463288172 2.6952924671754412
3.6054438067798547 -0.45748871581889894 2.7097302084548103
30
3.5520685424798493 0.2854097234179386 2.85741385837192
3.7112149289887384 0.2847616159949694 2.842682302446693
3.7092543874121073 0.4415861691253644 2.81434792623335
3.5504210279940547 0.4425097104807637 2.829799398210713
32
4.2532142021951636 -0.5174978264357171 2.392431706734122
4.416179601697822 -0.5181826911713256 2.385392427925456
4.425661341633796 -0.4878067747870577 2.545797791602355
4.255361840742011 -0.4843821388338192 2.540090922791974
33
4.517525294340593 0.18840607083862115 2.7953899039730175
4.68695708345624 0.18942663150060024 2.799752896227062
4.684250663116675 0.3497550748710913 2.772661512467844
4.5147422088892695 0.3474780643148688 2.770050618830389
34
4.919488454616132 -0.48962336643800375 2.4106235206711255
5.08043113113817 -0.48907241929286 2.4047830407877435
5.083895188984165 -0.4574953108883553 2.561181380243526
4.922467168335906 -0.4595773820419596 2.5685508910935804
35
5.388616858995026 -0.524234907816841 2.1961492561424567
5.548485595643972 -0.525795224477791 2.174531941044989
5.56935091552621 -0.49632382563882693 2.333124724644143
5.409102189338593 -0.4925444355890928 2.3537702369919398
36
5.137449561155891 0.5522918835002573 2.6400940349739894
5.297739098639456 0.551837595735437 2.620622808540559
5.296388353964443 0.7100028654661864 2.5915533049505517
5.136673351494884 0.710244099611273 2.6117557533470532
38
5.86449361247356 0.3923216226427714 2.16953738302178
6.026550552678214 0.3937190415806322 2.158064342136855
6.024039099068198 0.5544363138352484 2.1317148472760534
5.861918515406162 0.5519462058514835 2.1423386172354655