C:\cv_assignment_5\images\KakaoTalk_20240530_125615705.jpg
C:\cv_assignment_5\images\KakaoTalk_20240530_125615705_01.jpg
32
0 1 2 3 8 9 10 11 12 13 14 15 16 17 18 19 20 21 22 23 28 29 30 31 32 33 34 35 36 37 38 39
0 1 2 3 16 17 18 19 36 37 38 39 4 5 6 7 12 13 14 15 20 21 22 23 28 29 30 31 40 41 42 43
C:\cv_assignment_5\images\KakaoTalk_20240530_125615705.jpg
C:\cv_assignment_5\images\KakaoTalk_20240530_125615705_02.jpg
24
0 1 2 3 16 17 18 19 20 21 22 23 28 29 30 31 32 33 34 35 36 37 38 39
20 21 22 23 0 1 2 3 8 9 10 11 12 13 14 15 36 37 38 39 40 41 42 43
C:\cv_assignment_5\images\KakaoTalk_20240530_125615705.jpg
C:\cv_assignment_5\images\KakaoTalk_20240530_125615705_03.jpg
4
28 29 30 31
24 25 26 27
C:\cv_assignment_5\images\KakaoTalk_20240530_125615705.jpg
C:\cv_assignment_5\images\KakaoTalk_20240530_125615705_04.jpg
40
0 1 2 3 4 5 6 7 8 9 10 11 12 13 14 15 16 17 18 19 20 21 22 23 24 25 26 27 28 29 30 31 32 33 34 35 36 37 38 39
0 1 2 3 4 5 6 7 12 13 14 15 32 33 34 35 20 21 22 23 16 17 18 19 8 9 10 11 28 29 30 31 36 37 38 39 44 45 46 47
C:\cv_assignment_5\images\KakaoTalk_20240530_125615705.jpg
C:\cv_assignment_5\images\KakaoTalk_20240530_125615705_06.jpg
40
0 1 2 3 4 5 6 7 8 9 10 11 12 13 14 15 16 17 18 19 20 21 22 23 24 25 26 27 28 29 30 31 32 33 34 35 36 37 38 39
24 25 26 27 28 29 30 31 40 41 42 43 44 45 46 47 0 1 2 3 8 9 10 11 36 37 38 39 12 13 14 15 48 49 50 51 52 53 54 55
C:\cv_assignment_5\images\KakaoTalk_20240530_125615705.jpg
C:\cv_assignment_5\images\KakaoTalk_20240530_125615705_11.jpg
16
0 1 2 3 8 9 10 11 28 29 30 31 36 37 38 39
4 5 6 7 20 21 22 23 52 53 54 55 56 57 58 59
C:\cv_assignment_5\images\KakaoTalk_20240530_125615705_01.jpg
C:\cv_assignment_5\images\KakaoTalk_20240530_125615705.jpg
32
0 1 2 3 4 5 6 7 12 13 14 15 16 17 18 19 20 21 22 23 28 29 30 31 36 37 38 39 40 41 42 43
0 1 2 3 16 17 18 19 20 21 22 23 8 9 10 11 28 29 30 31 32 33 34 35 12 13 14 15 36 37 38 39
C:\cv_assignment_5\images\KakaoTalk_20240530_125615705_01.jpg
C:\cv_assignment_5\images\KakaoTalk_20240530_125615705_02.jpg
36
0 1 2 3 4 5 6 7 8 9 10 11 12 13 14 15 20 21 22 23 24 25 26 27 28 29 30 31 32 33 34 35 40 41 42 43
20 21 22 23 0 1 2 3 4 5 6 7 8 9 10 11 12 13 14 15 16 17 18 19 36 37 38 39 32 33 34 35 40 41 42 43
C:\cv_assignment_5\images\KakaoTalk_20240530_125615705_01.jpg
C:\cv_assignment_5\images\KakaoTalk_20240530_125615705_03.jpg
16
8 9 10 11 20 21 22 23 24 25 26 27 32 33 34 35
0 1 2 3 24 25 26 27 28 29 30 31 40 41 42 43
C:\cv_assignment_5\images\KakaoTalk_20240530_125615705_01.jpg
C:\cv_assignment_5\images\KakaoTalk_20240530_125615705_04.jpg
44
0 1 2 3 4 5 6 7 8 9 10 11 12 13 14 15 16 17 18 19 20 21 22 23 24 25 26 27 28 29 30 31 32 33 34 35 36 37 38 39 40 41 42 43
0 1 2 3 20 21 22 23 24 25 26 27 16 17 18 19 12 13 14 15 28 29 30 31 40 41 42 43 36 37 38 39 48 49 50 51 32 33 34 35 44 45 46 47
C:\cv_assignment_5\images\KakaoTalk_20240530_125615705_01.jpg
C:\cv_assignment_5\images\KakaoTalk_20240530_125615705_05.jpg
4
24 25 26 27
16 17 18 19
C:\cv_assignment_5\images\KakaoTalk_20240530_125615705_01.jpg
C:\cv_assignment_5\images\KakaoTalk_20240530_125615705_06.jpg
44
0 1 2 3 4 5 6 7 8 9 10 11 12 13 14 15 16 17 18 19 20 21 22 23 24 25 26 27 28 29 30 31 32 33 34 35 36 37 38 39 40 41 42 43
24 25 26 27 0 1 2 3 4 5 6 7 8 9 10 11 40 41 42 43 12 13 14 15 16 17 18 19 48 49 50 51 56 57 58 59 44 45 46 47 52 53 54 55
C:\cv_assignment_5\images\KakaoTalk_20240530_125615705_01.jpg
C:\cv_assignment_5\images\KakaoTalk_20240530_125615705_11.jpg
24
0 1 2 3 8 9 10 11 16 17 18 19 20 21 22 23 24 25 26 27 40 41 42 43
4 5 6 7 48 49 50 51 20 21 22 23 52 53 54 55 40 41 42 43 56 57 58 59
C:\cv_assignment_5\images\KakaoTalk_20240530_125615705_02.jpg
C:\cv_assignment_5\images\KakaoTalk_20240530_125615705.jpg
24
0 1 2 3 8 9 10 11 12 13 14 15 20 21 22 23 36 37 38 39 40 41 42 43
16 17 18 19 20 21 22 23 28 29 30 31 0 1 2 3 32 33 34 35 36 37 38 39
C:\cv_assignment_5\images\KakaoTalk_20240530_125615705_02.jpg
C:\cv_assignment_5\images\KakaoTalk_20240530_125615705_01.jpg
36
0 1 2 3 4 5 6 7 8 9 10 11 12 13 14 15 16 17 18 19 20 21 22 23 32 33 34 35 36 37 38 39 40 41 42 43
4 5 6 7 8 9 10 11 12 13 14 15 20 21 22 23 24 25 26 27 0 1 2 3 32 33 34 35 28 29 30 31 40 41 42 43
C:\cv_assignment_5\images\KakaoTalk_20240530_125615705_02.jpg
C:\cv_assignment_5\images\KakaoTalk_20240530_125615705_03.jpg
24
4 5 6 7 12 13 14 15 16 17 18 19 24 25 26 27 28 29 30 31 32 33 34 35
0 1 2 3 24 25 26 27 28 29 30 31 8 9 10 11 16 17 18 19 40 41 42 43
C:\cv_assignment_5\images\KakaoTalk_20240530_125615705_02.jpg
C:\cv_assignment_5\images\KakaoTalk_20240530_125615705_04.jpg
36
0 1 2 3 4 5 6 7 8 9 10 11 12 13 14 15 16 17 18 19 20 21 22 23 32 33 34 35 36 37 38 39 40 41 42 43
20 21 22 23 24 25 26 27 16 17 18 19 28 29 30 31 40 41 42 43 0 1 2 3 48 49 50 51 36 37 38 39 44 45 46 47
C:\cv_assignment_5\images\KakaoTalk_20240530_125615705_02.jpg
C:\cv_assignment_5\images\KakaoTalk_20240530_125615705_05.jpg
12
16 17 18 19 24 25 26 27 28 29 30 31
16 17 18 19 0 1 2 3 8 9 10 11
C:\cv_assignment_5\images\KakaoTalk_20240530_125615705_02.jpg
C:\cv_assignment_5\images\KakaoTalk_20240530_125615705_06.jpg
44
0 1 2 3 4 5 6 7 8 9 10 11 12 13 14 15 16 17 18 19 20 21 22 23 24 25 26 27 28 29 30 31 32 33 34 35 36 37 38 39 40 41 42 43
0 1 2 3 4 5 6 7 8 9 10 11 12 13 14 15 16 17 18 19 24 25 26 27 20 21 22 23 32 33 34 35 56 57 58 59 48 49 50 51 52 53 54 55
C:\cv_assignment_5\images\KakaoTalk_20240530_125615705_02.jpg
C:\cv_assignment_5\images\KakaoTalk_20240530_125615705_08.jpg
4
28 29 30 31
12 13 14 15
C:\cv_assignment_5\images\KakaoTalk_20240530_125615705_02.jpg
C:\cv_assignment_5\images\KakaoTalk_20240530_125615705_11.jpg
28
4 5 6 7 12 13 14 15 16 17 18 19 20 21 22 23 24 25 26 27 28 29 30 31 40 41 42 43
48 49 50 51 52 53 54 55 40 41 42 43 4 5 6 7 0 1 2 3 16 17 18 19 56 57 58 59
C:\cv_assignment_5\images\KakaoTalk_20240530_125615705_02.jpg
C:\cv_assignment_5\images\KakaoTalk_20240612_164344960.jpg
8
24 25 26 27 28 29 30 31
0 1 2 3 8 9 10 11
C:\cv_assignment_5\images\KakaoTalk_20240530_125615705_02.jpg
C:\cv_assignment_5\images\KakaoTalk_20240612_164344960_01.jpg
8
24 25 26 27 28 29 30 31
0 1 2 3 8 9 10 11
C:\cv_assignment_5\images\KakaoTalk_20240530_125615705_02.jpg
C:\cv_assignment_5\images\KakaoTalk_20240612_164344960_02.jpg
8
24 25 26 27 28 29 30 31
0 1 2 3 8 9 10 11
C:\cv_assignment_5\images\KakaoTalk_20240530_125615705_03.jpg
C:\cv_assignment_5\images\KakaoTalk_20240530_125615705.jpg
4
24 25 26 27
28 29 30 31
C:\cv_assignment_5\images\KakaoTalk_20240530_125615705_03.jpg
C:\cv_assignment_5\images\KakaoTalk_20240530_125615705_01.jpg
16
0 1 2 3 24 25 26 27 28 29 30 31 40 41 42 43
8 9 10 11 20 21 22 23 24 25 26 27 32 33 34 35
C:\cv_assignment_5\images\KakaoTalk_20240530_125615705_03.jpg
C:\cv_assignment_5\images\KakaoTalk_20240530_125615705_02.jpg
24
0 1 2 3 8 9 10 11 16 17 18 19 24 25 26 27 28 29 30 31 40 41 42 43
4 5 6 7 24 25 26 27 28 29 30 31 12 13 14 15 16 17 18 19 32 33 34 35
C:\cv_assignment_5\images\KakaoTalk_20240530_125615705_03.jpg
C:\cv_assignment_5\images\KakaoTalk_20240530_125615705_04.jpg
16
0 1 2 3 24 25 26 27 28 29 30 31 40 41 42 43
24 25 26 27 28 29 30 31 40 41 42 43 48 49 50 51
C:\cv_assignment_5\images\KakaoTalk_20240530_125615705_03.jpg
C:\cv_assignment_5\images\KakaoTalk_20240530_125615705_05.jpg
32
4 5 6 7 8 9 10 11 12 13 14 15 16 17 18 19 20 21 22 23 28 29 30 31 32 33 34 35 36 37 38 39
20 21 22 23 0 1 2 3 4 5 6 7 8 9 10 11 12 13 14 15 16 17 18 19 28 29 30 31 32 33 34 35
C:\cv_assignment_5\images\KakaoTalk_20240530_125615705_03.jpg
C:\cv_assignment_5\images\KakaoTalk_20240530_125615705_06.jpg
28
0 1 2 3 8 9 10 11 16 17 18 19 24 25 26 27 28 29 30 31 32 33 34 35 40 41 42 43
4 5 6 7 20 21 22 23 32 33 34 35 12 13 14 15 16 17 18 19 60 61 62 63 56 57 58 59
C:\cv_assignment_5\images\KakaoTalk_20240530_125615705_03.jpg
C:\cv_assignment_5\images\KakaoTalk_20240530_125615705_07.jpg
20
4 5 6 7 12 13 14 15 20 21 22 23 32 33 34 35 36 37 38 39
0 1 2 3 4 5 6 7 20 21 22 23 32 33 34 35 36 37 38 39
C:\cv_assignment_5\images\KakaoTalk_20240530_125615705_03.jpg
C:\cv_assignment_5\images\KakaoTalk_20240530_125615705_08.jpg
24
4 5 6 7 12 13 14 15 16 17 18 19 20 21 22 23 32 33 34 35 36 37 38 39
0 1 2 3 8 9 10 11 12 13 14 15 16 17 18 19 32 33 34 35 36 37 38 39
C:\cv_assignment_5\images\KakaoTalk_20240530_125615705_03.jpg
C:\cv_assignment_5\images\KakaoTalk_20240530_125615705_11.jpg
28
0 1 2 3 8 9 10 11 12 13 14 15 16 17 18 19 24 25 26 27 28 29 30 31 32 33 34 35
48 49 50 51 0 1 2 3 8 9 10 11 16 17 18 19 52 53 54 55 40 41 42 43 60 61 62 63
C:\cv_assignment_5\images\KakaoTalk_20240530_125615705_03.jpg
C:\cv_assignment_5\images\KakaoTalk_20240612_164344960.jpg
12
8 9 10 11 12 13 14 15 16 17 18 19
0 1 2 3 4 5 6 7 8 9 10 11
C:\cv_assignment_5\images\KakaoTalk_20240530_125615705_03.jpg
C:\cv_assignment_5\images\KakaoTalk_20240612_164344960_01.jpg
12
8 9 10 11 12 13 14 15 16 17 18 19
0 1 2 3 4 5 6 7 8 9 10 11
C:\cv_assignment_5\images\KakaoTalk_20240530_125615705_03.jpg
C:\cv_assignment_5\images\KakaoTalk_20240612_164344960_02.jpg
12
8 9 10 11 12 13 14 15 16 17 18 19
0 1 2 3 4 5 6 7 8 9 10 11
C:\cv_assignment_5\images\KakaoTalk_20240530_125615705_04.jpg
C:\cv_assignment_5\images\KakaoTalk_20240530_125615705.jpg
40
0 1 2 3 4 5 6 7 8 9 10 11 12 13 14 15 16 17 18 19 20 21 22 23 28 29 30 31 32 33 34 35 36 37 38 39 44 45 46 47
0 1 2 3 4 5 6 7 24 25 26 27 8 9 10 11 20 21 22 23 16 17 18 19 28 29 30 31 12 13 14 15 32 33 34 35 36 37 38 39
C:\cv_assignment_5\images\KakaoTalk_20240530_125615705_04.jpg
C:\cv_assignment_5\images\KakaoTalk_20240530_125615705_01.jpg
44
0 1 2 3 12 13 14 15 16 17 18 19 20 21 22 23 24 25 26 27 28 29 30 31 32 33 34 35 36 37 38 39 40 41 42 43 44 45 46 47 48 49 50 51
0 1 2 3 16 17 18 19 12 13 14 15 4 5 6 7 8 9 10 11 20 21 22 23 36 37 38 39 28 29 30 31 24 25 26 27 40 41 42 43 32 33 34 35
C:\cv_assignment_5\images\KakaoTalk_20240530_125615705_04.jpg
C:\cv_assignment_5\images\KakaoTalk_20240530_125615705_02.jpg
36
0 1 2 3 16 17 18 19 20 21 22 23 24 25 26 27 28 29 30 31 36 37 38 39 40 41 42 43 44 45 46 47 48 49 50 51
20 21 22 23 8 9 10 11 0 1 2 3 4 5 6 7 12 13 14 15 36 37 38 39 16 17 18 19 40 41 42 43 32 33 34 35
C:\cv_assignment_5\images\KakaoTalk_20240530_125615705_04.jpg
C:\cv_assignment_5\images\KakaoTalk_20240530_125615705_03.jpg
16
24 25 26 27 28 29 30 31 40 41 42 43 48 49 50 51
0 1 2 3 24 25 26 27 28 29 30 31 40 41 42 43
C:\cv_assignment_5\images\KakaoTalk_20240530_125615705_04.jpg
C:\cv_assignment_5\images\KakaoTalk_20240530_125615705_05.jpg
4
40 41 42 43
16 17 18 19
C:\cv_assignment_5\images\KakaoTalk_20240530_125615705_04.jpg
C:\cv_assignment_5\images\KakaoTalk_20240530_125615705_06.jpg
52
0 1 2 3 4 5 6 7 8 9 10 11 12 13 14 15 16 17 18 19 20 21 22 23 24 25 26 27 28 29 30 31 32 33 34 35 36 37 38 39 40 41 42 43 44 45 46 47 48 49 50 51
24 25 26 27 28 29 30 31 36 37 38 39 40 41 42 43 8 9 10 11 0 1 2 3 4 5 6 7 12 13 14 15 44 45 46 47 48 49 50 51 16 17 18 19 52 53 54 55 56 57 58 59
C:\cv_assignment_5\images\KakaoTalk_20240530_125615705_04.jpg
C:\cv_assignment_5\images\KakaoTalk_20240530_125615705_11.jpg
24
0 1 2 3 12 13 14 15 24 25 26 27 28 29 30 31 40 41 42 43 44 45 46 47
4 5 6 7 20 21 22 23 48 49 50 51 52 53 54 55 40 41 42 43 56 57 58 59
C:\cv_assignment_5\images\KakaoTalk_20240530_125615705_05.jpg
C:\cv_assignment_5\images\KakaoTalk_20240530_125615705_01.jpg
4
16 17 18 19
24 25 26 27
C:\cv_assignment_5\images\KakaoTalk_20240530_125615705_05.jpg
C:\cv_assignment_5\images\KakaoTalk_20240530_125615705_02.jpg
12
0 1 2 3 8 9 10 11 16 17 18 19
24 25 26 27 28 29 30 31 16 17 18 19
C:\cv_assignment_5\images\KakaoTalk_20240530_125615705_05.jpg
C:\cv_assignment_5\images\KakaoTalk_20240530_125615705_03.jpg
32
0 1 2 3 4 5 6 7 8 9 10 11 12 13 14 15 16 17 18 19 20 21 22 23 28 29 30 31 32 33 34 35
8 9 10 11 12 13 14 15 16 17 18 19 20 21 22 23 28 29 30 31 4 5 6 7 32 33 34 35 36 37 38 39
C:\cv_assignment_5\images\KakaoTalk_20240530_125615705_05.jpg
C:\cv_assignment_5\images\KakaoTalk_20240530_125615705_04.jpg
4
16 17 18 19
40 41 42 43
C:\cv_assignment_5\images\KakaoTalk_20240530_125615705_05.jpg
C:\cv_assignment_5\images\KakaoTalk_20240530_125615705_06.jpg
16
0 1 2 3 8 9 10 11 16 17 18 19 28 29 30 31
20 21 22 23 32 33 34 35 16 17 18 19 60 61 62 63
C:\cv_assignment_5\images\KakaoTalk_20240530_125615705_05.jpg
C:\cv_assignment_5\images\KakaoTalk_20240530_125615705_07.jpg
24
4 5 6 7 12 13 14 15 20 21 22 23 24 25 26 27 28 29 30 31 32 33 34 35
4 5 6 7 20 21 22 23 0 1 2 3 8 9 10 11 32 33 34 35 36 37 38 39
C:\cv_assignment_5\images\KakaoTalk_20240530_125615705_05.jpg
C:\cv_assignment_5\images\KakaoTalk_20240530_125615705_08.jpg
28
4 5 6 7 8 9 10 11 12 13 14 15 20 21 22 23 24 25 26 27 28 29 30 31 32 33 34 35
8 9 10 11 12 13 14 15 16 17 18 19 0 1 2 3 4 5 6 7 32 33 34 35 36 37 38 39
C:\cv_assignment_5\images\KakaoTalk_20240530_125615705_05.jpg
C:\cv_assignment_5\images\KakaoTalk_20240530_125615705_09.jpg
4
24 25 26 27
24 25 26 27
C:\cv_assignment_5\images\KakaoTalk_20240530_125615705_05.jpg
C:\cv_assignment_5\images\KakaoTalk_20240530_125615705_11.jpg
24
0 1 2 3 4 5 6 7 8 9 10 11 16 17 18 19 24 25 26 27 28 29 30 31
0 1 2 3 8 9 10 11 16 17 18 19 40 41 42 43 12 13 14 15 60 61 62 63
C:\cv_assignment_5\images\KakaoTalk_20240530_125615705_05.jpg
C:\cv_assignment_5\images\KakaoTalk_20240530_125615705_17.jpg
4
24 25 26 27
44 45 46 47
C:\cv_assignment_5\images\KakaoTalk_20240530_125615705_05.jpg
C:\cv_assignment_5\images\KakaoTalk_20240612_164344960.jpg
12
0 1 2 3 4 5 6 7 8 9 10 11
0 1 2 3 4 5 6 7 8 9 10 11
C:\cv_assignment_5\images\KakaoTalk_20240530_125615705_05.jpg
C:\cv_assignment_5\images\KakaoTalk_20240612_164344960_01.jpg
12
0 1 2 3 4 5 6 7 8 9 10 11
0 1 2 3 4 5 6 7 8 9 10 11
C:\cv_assignment_5\images\KakaoTalk_20240530_125615705_05.jpg
C:\cv_assignment_5\images\KakaoTalk_20240612_164344960_02.jpg
12
0 1 2 3 4 5 6 7 8 9 10 11
0 1 2 3 4 5 6 7 8 9 10 11
C:\cv_assignment_5\images\KakaoTalk_20240530_125615705_06.jpg
C:\cv_assignment_5\images\KakaoTalk_20240530_125615705.jpg
40
0 1 2 3 8 9 10 11 12 13 14 15 24 25 26 27 28 29 30 31 36 37 38 39 40 41 42 43 44 45 46 47 48 49 50 51 52 53 54 55
16 17 18 19 20 21 22 23 28 29 30 31 0 1 2 3 4 5 6 7 24 25 26 27 8 9 10 11 12 13 14 15 32 33 34 35 36 37 38 39
C:\cv_assignment_5\images\KakaoTalk_20240530_125615705_06.jpg
C:\cv_assignment_5\images\KakaoTalk_20240530_125615705_01.jpg
44
0 1 2 3 4 5 6 7 8 9 10 11 12 13 14 15 16 17 18 19 24 25 26 27 40 41 42 43 44 45 46 47 48 49 50 51 52 53 54 55 56 57 58 59
4 5 6 7 8 9 10 11 12 13 14 15 20 21 22 23 24 25 26 27 0 1 2 3 16 17 18 19 36 37 38 39 28 29 30 31 40 41 42 43 32 33 34 35
C:\cv_assignment_5\images\KakaoTalk_20240530_125615705_06.jpg
C:\cv_assignment_5\images\KakaoTalk_20240530_125615705_02.jpg
44
0 1 2 3 4 5 6 7 8 9 10 11 12 13 14 15 16 17 18 19 20 21 22 23 24 25 26 27 32 33 34 35 48 49 50 51 52 53 54 55 56 57 58 59
0 1 2 3 4 5 6 7 8 9 10 11 12 13 14 15 16 17 18 19 24 25 26 27 20 21 22 23 28 29 30 31 36 37 38 39 40 41 42 43 32 33 34 35
C:\cv_assignment_5\images\KakaoTalk_20240530_125615705_06.jpg
C:\cv_assignment_5\images\KakaoTalk_20240530_125615705_03.jpg
28
4 5 6 7 12 13 14 15 16 17 18 19 20 21 22 23 32 33 34 35 56 57 58 59 60 61 62 63
0 1 2 3 24 25 26 27 28 29 30 31 8 9 10 11 16 17 18 19 40 41 42 43 32 33 34 35
C:\cv_assignment_5\images\KakaoTalk_20240530_125615705_06.jpg
C:\cv_assignment_5\images\KakaoTalk_20240530_125615705_04.jpg
52
0 1 2 3 4 5 6 7 8 9 10 11 12 13 14 15 16 17 18 19 24 25 26 27 28 29 30 31 36 37 38 39 40 41 42 43 44 45 46 47 48 49 50 51 52 53 54 55 56 57 58 59
20 21 22 23 24 25 26 27 16 17 18 19 28 29 30 31 40 41 42 43 0 1 2 3 4 5 6 7 8 9 10 11 12 13 14 15 32 33 34 35 36 37 38 39 44 45 46 47 48 49 50 51
C:\cv_assignment_5\images\KakaoTalk_20240530_125615705_06.jpg
C:\cv_assignment_5\images\KakaoTalk_20240530_125615705_05.jpg
16
16 17 18 19 20 21 22 23 32 33 34 35 60 61 62 63
16 17 18 19 0 1 2 3 8 9 10 11 28 29 30 31
C:\cv_assignment_5\images\KakaoTalk_20240530_125615705_06.jpg
C:\cv_assignment_5\images\KakaoTalk_20240530_125615705_07.jpg
4
60 61 62 63
32 33 34 35
C:\cv_assignment_5\images\KakaoTalk_20240530_125615705_06.jpg
C:\cv_assignment_5\images\KakaoTalk_20240530_125615705_08.jpg
8
32 33 34 35 60 61 62 63
12 13 14 15 32 33 34 35
C:\cv_assignment_5\images\KakaoTalk_20240530_125615705_06.jpg
C:\cv_assignment_5\images\KakaoTalk_20240530_125615705_11.jpg
36
4 5 6 7 12 13 14 15 16 17 18 19 20 21 22 23 24 25 26 27 32 33 34 35 40 41 42 43 52 53 54 55 60 61 62 63
48 49 50 51 52 53 54 55 40 41 42 43 0 1 2 3 4 5 6 7 16 17 18 19 20 21 22 23 56 57 58 59 60 61 62 63
C:\cv_assignment_5\images\KakaoTalk_20240530_125615705_06.jpg
C:\cv_assignment_5\images\KakaoTalk_20240612_164344960.jpg
8
20 21 22 23 32 33 34 35
0 1 2 3 8 9 10 11
C:\cv_assignment_5\images\KakaoTalk_20240530_125615705_06.jpg
C:\cv_assignment_5\images\KakaoTalk_20240612_164344960_01.jpg
8
20 21 22 23 32 33 34 35
0 1 2 3 8 9 10 11
C:\cv_assignment_5\images\KakaoTalk_20240530_125615705_06.jpg
C:\cv_assignment_5\images\KakaoTalk_20240612_164344960_02.jpg
8
20 21 22 23 32 33 34 35
0 1 2 3 8 9 10 11
C:\cv_assignment_5\images\KakaoTalk_20240530_125615705_07.jpg
C:\cv_assignment_5\images\KakaoTalk_20240530_125615705_03.jpg
20
0 1 2 3 4 5 6 7 20 21 22 23 32 33 34 35 36 37 38 39
4 5 6 7 12 13 14 15 20 21 22 23 32 33 34 35 36 37 38 39
C:\cv_assignment_5\images\KakaoTalk_20240530_125615705_07.jpg
C:\cv_assignment_5\images\KakaoTalk_20240530_125615705_05.jpg
24
0 1 2 3 4 5 6 7 8 9 10 11 20 21 22 23 32 33 34 35 36 37 38 39
20 21 22 23 4 5 6 7 24 25 26 27 12 13 14 15 28 29 30 31 32 33 34 35
C:\cv_assignment_5\images\KakaoTalk_20240530_125615705_07.jpg
C:\cv_assignment_5\images\KakaoTalk_20240530_125615705_06.jpg
4
32 33 34 35
60 61 62 63
C:\cv_assignment_5\images\KakaoTalk_20240530_125615705_07.jpg
C:\cv_assignment_5\images\KakaoTalk_20240530_125615705_08.jpg
36
0 1 2 3 4 5 6 7 8 9 10 11 12 13 14 15 16 17 18 19 20 21 22 23 28 29 30 31 32 33 34 35 36 37 38 39
0 1 2 3 8 9 10 11 4 5 6 7 28 29 30 31 20 21 22 23 16 17 18 19 40 41 42 43 32 33 34 35 36 37 38 39
C:\cv_assignment_5\images\KakaoTalk_20240530_125615705_07.jpg
C:\cv_assignment_5\images\KakaoTalk_20240530_125615705_09.jpg
20
8 9 10 11 12 13 14 15 16 17 18 19 24 25 26 27 28 29 30 31
24 25 26 27 4 5 6 7 12 13 14 15 8 9 10 11 36 37 38 39
C:\cv_assignment_5\images\KakaoTalk_20240530_125615705_07.jpg
C:\cv_assignment_5\images\KakaoTalk_20240530_125615705_10.jpg
12
12 13 14 15 24 25 26 27 28 29 30 31
16 17 18 19 24 25 26 27 68 69 70 71
C:\cv_assignment_5\images\KakaoTalk_20240530_125615705_07.jpg
C:\cv_assignment_5\images\KakaoTalk_20240530_125615705_11.jpg
28
4 5 6 7 8 9 10 11 12 13 14 15 16 17 18 19 24 25 26 27 28 29 30 31 32 33 34 35
8 9 10 11 12 13 14 15 24 25 26 27 28 29 30 31 32 33 34 35 64 65 66 67 60 61 62 63
C:\cv_assignment_5\images\KakaoTalk_20240530_125615705_07.jpg
C:\cv_assignment_5\images\KakaoTalk_20240530_125615705_12.jpg
12
12 13 14 15 24 25 26 27 28 29 30 31
12 13 14 15 20 21 22 23 40 41 42 43
C:\cv_assignment_5\images\KakaoTalk_20240530_125615705_07.jpg
C:\cv_assignment_5\images\KakaoTalk_20240530_125615705_13.jpg
8
12 13 14 15 24 25 26 27
8 9 10 11 28 29 30 31
C:\cv_assignment_5\images\KakaoTalk_20240530_125615705_07.jpg
C:\cv_assignment_5\images\KakaoTalk_20240530_125615705_14.jpg
12
12 13 14 15 24 25 26 27 28 29 30 31
12 13 14 15 16 17 18 19 44 45 46 47
C:\cv_assignment_5\images\KakaoTalk_20240530_125615705_07.jpg
C:\cv_assignment_5\images\KakaoTalk_20240530_125615705_15.jpg
12
12 13 14 15 24 25 26 27 28 29 30 31
16 17 18 19 20 21 22 23 60 61 62 63
C:\cv_assignment_5\images\KakaoTalk_20240530_125615705_07.jpg
C:\cv_assignment_5\images\KakaoTalk_20240530_125615705_16.jpg
12
12 13 14 15 24 25 26 27 28 29 30 31
28 29 30 31 32 33 34 35 68 69 70 71
C:\cv_assignment_5\images\KakaoTalk_20240530_125615705_07.jpg
C:\cv_assignment_5\images\KakaoTalk_20240530_125615705_17.jpg
20
8 9 10 11 12 13 14 15 16 17 18 19 24 25 26 27 28 29 30 31
44 45 46 47 20 21 22 23 40 41 42 43 32 33 34 35 72 73 74 75
C:\cv_assignment_5\images\KakaoTalk_20240530_125615705_07.jpg
C:\cv_assignment_5\images\KakaoTalk_20240530_125615705_18.jpg
8
12 13 14 15 24 25 26 27
4 5 6 7 12 13 14 15
C:\cv_assignment_5\images\KakaoTalk_20240530_125615705_07.jpg
C:\cv_assignment_5\images\KakaoTalk_20240530_125615705_19.jpg
16
12 13 14 15 16 17 18 19 24 25 26 27 28 29 30 31
12 13 14 15 24 25 26 27 20 21 22 23 48 49 50 51
C:\cv_assignment_5\images\KakaoTalk_20240530_125615705_07.jpg
C:\cv_assignment_5\images\KakaoTalk_20240530_125615705_20.jpg
16
12 13 14 15 16 17 18 19 24 25 26 27 28 29 30 31
4 5 6 7 36 37 38 39 16 17 18 19 44 45 46 47
C:\cv_assignment_5\images\KakaoTalk_20240530_125615705_07.jpg
C:\cv_assignment_5\images\KakaoTalk_20240612_164344960.jpg
4
4 5 6 7
4 5 6 7
C:\cv_assignment_5\images\KakaoTalk_20240530_125615705_07.jpg
C:\cv_assignment_5\images\KakaoTalk_20240612_164344960_01.jpg
4
4 5 6 7
4 5 6 7
C:\cv_assignment_5\images\KakaoTalk_20240530_125615705_07.jpg
C:\cv_assignment_5\images\KakaoTalk_20240612_164344960_02.jpg
4
4 5 6 7
4 5 6 7
C:\cv_assignment_5\images\KakaoTalk_20240530_125615705_08.jpg
C:\cv_assignment_5\images\KakaoTalk_20240530_125615705_02.jpg
4
12 13 14 15
28 29 30 31
C:\cv_assignment_5\images\KakaoTalk_20240530_125615705_08.jpg
C:\cv_assignment_5\images\KakaoTalk_20240530_125615705_03.jpg
24
0 1 2 3 8 9 10 11 12 13 14 15 16 17 18 19 32 33 34 35 36 37 38 39
4 5 6 7 12 13 14 15 16 17 18 19 20 21 22 23 32 33 34 35 36 37 38 39
C:\cv_assignment_5\images\KakaoTalk_20240530_125615705_08.jpg
C:\cv_assignment_5\images\KakaoTalk_20240530_125615705_05.jpg
28
0 1 2 3 4 5 6 7 8 9 10 11 12 13 14 15 16 17 18 19 32 33 34 35 36 37 38 39
20 21 22 23 24 25 26 27 4 5 6 7 8 9 10 11 12 13 14 15 28 29 30 31 32 33 34 35
C:\cv_assignment_5\images\KakaoTalk_20240530_125615705_08.jpg
C:\cv_assignment_5\images\KakaoTalk_20240530_125615705_06.jpg
8
12 13 14 15 32 33 34 35
32 33 34 35 60 61 62 63
C:\cv_assignment_5\images\KakaoTalk_20240530_125615705_08.jpg
C:\cv_assignment_5\images\KakaoTalk_20240530_125615705_07.jpg
36
0 1 2 3 4 5 6 7 8 9 10 11 16 17 18 19 20 21 22 23 28 29 30 31 32 33 34 35 36 37 38 39 40 41 42 43
0 1 2 3 8 9 10 11 4 5 6 7 20 21 22 23 16 17 18 19 12 13 14 15 32 33 34 35 36 37 38 39 28 29 30 31
C:\cv_assignment_5\images\KakaoTalk_20240530_125615705_08.jpg
C:\cv_assignment_5\images\KakaoTalk_20240530_125615705_09.jpg
20
4 5 6 7 20 21 22 23 24 25 26 27 28 29 30 31 40 41 42 43
24 25 26 27 12 13 14 15 16 17 18 19 4 5 6 7 36 37 38 39
C:\cv_assignment_5\images\KakaoTalk_20240530_125615705_08.jpg
C:\cv_assignment_5\images\KakaoTalk_20240530_125615705_10.jpg
12
24 25 26 27 28 29 30 31 40 41 42 43
36 37 38 39 16 17 18 19 68 69 70 71
C:\cv_assignment_5\images\KakaoTalk_20240530_125615705_08.jpg
C:\cv_assignment_5\images\KakaoTalk_20240530_125615705_11.jpg
32
4 5 6 7 8 9 10 11 12 13 14 15 20 21 22 23 24 25 26 27 28 29 30 31 32 33 34 35 40 41 42 43
12 13 14 15 8 9 10 11 16 17 18 19 28 29 30 31 36 37 38 39 24 25 26 27 60 61 62 63 64 65 66 67
C:\cv_assignment_5\images\KakaoTalk_20240530_125615705_08.jpg
C:\cv_assignment_5\images\KakaoTalk_20240530_125615705_12.jpg
12
24 25 26 27 28 29 30 31 40 41 42 43
36 37 38 39 12 13 14 15 40 41 42 43
C:\cv_assignment_5\images\KakaoTalk_20240530_125615705_08.jpg
C:\cv_assignment_5\images\KakaoTalk_20240530_125615705_13.jpg
8
24 25 26 27 28 29 30 31
40 41 42 43 8 9 10 11
C:\cv_assignment_5\images\KakaoTalk_20240530_125615705_08.jpg
C:\cv_assignment_5\images\KakaoTalk_20240530_125615705_14.jpg
12
24 25 26 27 28 29 30 31 40 41 42 43
24 25 26 27 12 13 14 15 44 45 46 47
C:\cv_assignment_5\images\KakaoTalk_20240530_125615705_08.jpg
C:\cv_assignment_5\images\KakaoTalk_20240530_125615705_15.jpg
12
24 25 26 27 28 29 30 31 40 41 42 43
36 37 38 39 16 17 18 19 60 61 62 63
C:\cv_assignment_5\images\KakaoTalk_20240530_125615705_08.jpg
C:\cv_assignment_5\images\KakaoTalk_20240530_125615705_16.jpg
12
24 25 26 27 28 29 30 31 40 41 42 43
40 41 42 43 28 29 30 31 68 69 70 71
C:\cv_assignment_5\images\KakaoTalk_20240530_125615705_08.jpg
C:\cv_assignment_5\images\KakaoTalk_20240530_125615705_17.jpg
16
4 5 6 7 20 21 22 23 28 29 30 31 40 41 42 43
44 45 46 47 40 41 42 43 20 21 22 23 72 73 74 75
C:\cv_assignment_5\images\KakaoTalk_20240530_125615705_08.jpg
C:\cv_assignment_5\images\KakaoTalk_20240530_125615705_18.jpg
8
24 25 26 27 28 29 30 31
32 33 34 35 4 5 6 7
C:\cv_assignment_5\images\KakaoTalk_20240530_125615705_08.jpg
C:\cv_assignment_5\images\KakaoTalk_20240530_125615705_19.jpg
16
20 21 22 23 24 25 26 27 28 29 30 31 40 41 42 43
24 25 26 27 36 37 38 39 12 13 14 15 48 49 50 51
C:\cv_assignment_5\images\KakaoTalk_20240530_125615705_08.jpg
C:\cv_assignment_5\images\KakaoTalk_20240530_125615705_20.jpg
16
20 21 22 23 24 25 26 27 28 29 30 31 40 41 42 43
36 37 38 39 12 13 14 15 4 5 6 7 44 45 46 47
C:\cv_assignment_5\images\KakaoTalk_20240530_125615705_08.jpg
C:\cv_assignment_5\images\KakaoTalk_20240612_164344960.jpg
8
8 9 10 11 12 13 14 15
4 5 6 7 8 9 10 11
C:\cv_assignment_5\images\KakaoTalk_20240530_125615705_08.jpg
C:\cv_assignment_5\images\KakaoTalk_20240612_164344960_01.jpg
8
8 9 10 11 12 13 14 15
4 5 6 7 8 9 10 11
C:\cv_assignment_5\images\KakaoTalk_20240530_125615705_08.jpg
C:\cv_assignment_5\images\KakaoTalk_20240612_164344960_02.jpg
8
8 9 10 11 12 13 14 15
4 5 6 7 8 9 10 11
C:\cv_assignment_5\images\KakaoTalk_20240530_125615705_09.jpg
C:\cv_assignment_5\images\KakaoTalk_20240530_125615705_05.jpg
4
24 25 26 27
24 25 26 27
C:\cv_assignment_5\images\KakaoTalk_20240530_125615705_09.jpg
C:\cv_assignment_5\images\KakaoTalk_20240530_125615705_07.jpg
20
4 5 6 7 8 9 10 11 12 13 14 15 24 25 26 27 36 37 38 39
12 13 14 15 24 25 26 27 16 17 18 19 8 9 10 11 28 29 30 31
C:\cv_assignment_5\images\KakaoTalk_20240530_125615705_09.jpg
C:\cv_assignment_5\images\KakaoTalk_20240530_125615705_08.jpg
20
4 5 6 7 12 13 14 15 16 17 18 19 24 25 26 27 36 37 38 39
28 29 30 31 20 21 22 23 24 25 26 27 4 5 6 7 40 41 42 43
C:\cv_assignment_5\images\KakaoTalk_20240530_125615705_09.jpg
C:\cv_assignment_5\images\KakaoTalk_20240530_125615705_10.jpg
40
0 1 2 3 4 5 6 7 8 9 10 11 16 17 18 19 20 21 22 23 28 29 30 31 32 33 34 35 36 37 38 39 40 41 42 43 44 45 46 47
8 9 10 11 16 17 18 19 24 25 26 27 36 37 38 39 0 1 2 3 12 13 14 15 32 33 34 35 68 69 70 71 60 61 62 63 40 41 42 43
C:\cv_assignment_5\images\KakaoTalk_20240530_125615705_09.jpg
C:\cv_assignment_5\images\KakaoTalk_20240530_125615705_11.jpg
36
0 1 2 3 4 5 6 7 8 9 10 11 12 13 14 15 16 17 18 19 24 25 26 27 36 37 38 39 40 41 42 43 44 45 46 47
44 45 46 47 24 25 26 27 32 33 34 35 28 29 30 31 36 37 38 39 12 13 14 15 64 65 66 67 72 73 74 75 68 69 70 71
C:\cv_assignment_5\images\KakaoTalk_20240530_125615705_09.jpg
C:\cv_assignment_5\images\KakaoTalk_20240530_125615705_12.jpg
40
0 1 2 3 4 5 6 7 8 9 10 11 16 17 18 19 20 21 22 23 28 29 30 31 32 33 34 35 36 37 38 39 40 41 42 43 44 45 46 47
8 9 10 11 12 13 14 15 20 21 22 23 36 37 38 39 0 1 2 3 16 17 18 19 24 25 26 27 40 41 42 43 32 33 34 35 44 45 46 47
C:\cv_assignment_5\images\KakaoTalk_20240530_125615705_09.jpg
C:\cv_assignment_5\images\KakaoTalk_20240530_125615705_13.jpg
36
0 1 2 3 4 5 6 7 8 9 10 11 16 17 18 19 20 21 22 23 28 29 30 31 32 33 34 35 40 41 42 43 44 45 46 47
20 21 22 23 8 9 10 11 28 29 30 31 40 41 42 43 0 1 2 3 24 25 26 27 36 37 38 39 44 45 46 47 48 49 50 51
C:\cv_assignment_5\images\KakaoTalk_20240530_125615705_09.jpg
C:\cv_assignment_5\images\KakaoTalk_20240530_125615705_14.jpg
40
0 1 2 3 4 5 6 7 8 9 10 11 16 17 18 19 20 21 22 23 28 29 30 31 32 33 34 35 36 37 38 39 40 41 42 43 44 45 46 47
4 5 6 7 12 13 14 15 16 17 18 19 24 25 26 27 0 1 2 3 8 9 10 11 20 21 22 23 44 45 46 47 48 49 50 51 52 53 54 55
C:\cv_assignment_5\images\KakaoTalk_20240530_125615705_09.jpg
C:\cv_assignment_5\images\KakaoTalk_20240530_125615705_15.jpg
40
0 1 2 3 4 5 6 7 8 9 10 11 16 17 18 19 20 21 22 23 28 29 30 31 32 33 34 35 36 37 38 39 40 41 42 43 44 45 46 47
8 9 10 11 16 17 18 19 20 21 22 23 36 37 38 39 0 1 2 3 12 13 14 15 28 29 30 31 60 61 62 63 56 57 58 59 64 65 66 67
C:\cv_assignment_5\images\KakaoTalk_20240530_125615705_09.jpg
C:\cv_assignment_5\images\KakaoTalk_20240530_125615705_16.jpg
40
0 1 2 3 4 5 6 7 8 9 10 11 16 17 18 19 20 21 22 23 28 29 30 31 32 33 34 35 36 37 38 39 40 41 42 43 44 45 46 47
24 25 26 27 28 29 30 31 32 33 34 35 40 41 42 43 0 1 2 3 8 9 10 11 20 21 22 23 68 69 70 71 56 57 58 59 64 65 66 67
C:\cv_assignment_5\images\KakaoTalk_20240530_125615705_09.jpg
C:\cv_assignment_5\images\KakaoTalk_20240530_125615705_17.jpg
44
0 1 2 3 4 5 6 7 8 9 10 11 12 13 14 15 20 21 22 23 24 25 26 27 28 29 30 31 32 33 34 35 36 37 38 39 40 41 42 43 44 45 46 47
8 9 10 11 20 21 22 23 32 33 34 35 40 41 42 43 0 1 2 3 44 45 46 47 12 13 14 15 36 37 38 39 72 73 74 75 64 65 66 67 68 69 70 71
C:\cv_assignment_5\images\KakaoTalk_20240530_125615705_09.jpg
C:\cv_assignment_5\images\KakaoTalk_20240530_125615705_18.jpg
28
0 1 2 3 4 5 6 7 8 9 10 11 16 17 18 19 20 21 22 23 28 29 30 31 32 33 34 35
0 1 2 3 4 5 6 7 12 13 14 15 32 33 34 35 24 25 26 27 8 9 10 11 16 17 18 19
C:\cv_assignment_5\images\KakaoTalk_20240530_125615705_09.jpg
C:\cv_assignment_5\images\KakaoTalk_20240530_125615705_19.jpg
44
0 1 2 3 4 5 6 7 8 9 10 11 12 13 14 15 16 17 18 19 20 21 22 23 28 29 30 31 32 33 34 35 36 37 38 39 40 41 42 43 44 45 46 47
8 9 10 11 12 13 14 15 20 21 22 23 24 25 26 27 36 37 38 39 0 1 2 3 16 17 18 19 28 29 30 31 48 49 50 51 52 53 54 55 56 57 58 59
C:\cv_assignment_5\images\KakaoTalk_20240530_125615705_09.jpg
C:\cv_assignment_5\images\KakaoTalk_20240530_125615705_20.jpg
44
0 1 2 3 4 5 6 7 8 9 10 11 12 13 14 15 16 17 18 19 20 21 22 23 28 29 30 31 32 33 34 35 36 37 38 39 40 41 42 43 44 45 46 47
8 9 10 11 4 5 6 7 16 17 18 19 36 37 38 39 12 13 14 15 0 1 2 3 24 25 26 27 28 29 30 31 44 45 46 47 52 53 54 55 48 49 50 51
C:\cv_assignment_5\images\KakaoTalk_20240530_125615705_10.jpg
C:\cv_assignment_5\images\KakaoTalk_20240530_125615705_07.jpg
12
16 17 18 19 24 25 26 27 68 69 70 71
12 13 14 15 24 25 26 27 28 29 30 31
C:\cv_assignment_5\images\KakaoTalk_20240530_125615705_10.jpg
C:\cv_assignment_5\images\KakaoTalk_20240530_125615705_08.jpg
12
16 17 18 19 36 37 38 39 68 69 70 71
28 29 30 31 24 25 26 27 40 41 42 43
C:\cv_assignment_5\images\KakaoTalk_20240530_125615705_10.jpg
C:\cv_assignment_5\images\KakaoTalk_20240530_125615705_09.jpg
40
0 1 2 3 8 9 10 11 12 13 14 15 16 17 18 19 24 25 26 27 32 33 34 35 36 37 38 39 40 41 42 43 60 61 62 63 68 69 70 71
20 21 22 23 0 1 2 3 28 29 30 31 4 5 6 7 8 9 10 11 32 33 34 35 16 17 18 19 44 45 46 47 40 41 42 43 36 37 38 39
C:\cv_assignment_5\images\KakaoTalk_20240530_125615705_10.jpg
C:\cv_assignment_5\images\KakaoTalk_20240530_125615705_11.jpg
28
8 9 10 11 16 17 18 19 24 25 26 27 36 37 38 39 40 41 42 43 60 61 62 63 68 69 70 71
44 45 46 47 24 25 26 27 32 33 34 35 36 37 38 39 68 69 70 71 72 73 74 75 64 65 66 67
C:\cv_assignment_5\images\KakaoTalk_20240530_125615705_10.jpg
C:\cv_assignment_5\images\KakaoTalk_20240530_125615705_12.jpg
60
0 1 2 3 4 5 6 7 8 9 10 11 12 13 14 15 16 17 18 19 24 25 26 27 28 29 30 31 32 33 34 35 36 37 38 39 40 41 42 43 52 53 54 55 56 57 58 59 60 61 62 63 64 65 66 67 68 69 70 71
0 1 2 3 4 5 6 7 8 9 10 11 16 17 18 19 12 13 14 15 20 21 22 23 28 29 30 31 24 25 26 27 36 37 38 39 44 45 46 47 56 57 58 59 48 49 50 51 32 33 34 35 52 53 54 55 40 41 42 43
C:\cv_assignment_5\images\KakaoTalk_20240530_125615705_10.jpg
C:\cv_assignment_5\images\KakaoTalk_20240530_125615705_13.jpg
68
0 1 2 3 4 5 6 7 8 9 10 11 12 13 14 15 16 17 18 19 20 21 22 23 24 25 26 27 28 29 30 31 32 33 34 35 36 37 38 39 40 41 42 43 44 45 46 47 48 49 50 51 52 53 54 55 56 57 58 59 60 61 62 63 64 65 66 67
0 1 2 3 16 17 18 19 20 21 22 23 24 25 26 27 8 9 10 11 4 5 6 7 28 29 30 31 32 33 34 35 36 37 38 39 40 41 42 43 48 49 50 51 12 13 14 15 52 53 54 55 64 65 66 67 56 57 58 59 44 45 46 47 60 61 62 63
C:\cv_assignment_5\images\KakaoTalk_20240530_125615705_10.jpg
C:\cv_assignment_5\images\KakaoTalk_20240530_125615705_14.jpg
72
0 1 2 3 4 5 6 7 8 9 10 11 12 13 14 15 16 17 18 19 20 21 22 23 24 25 26 27 28 29 30 31 32 33 34 35 36 37 38 39 40 41 42 43 44 45 46 47 48 49 50 51 52 53 54 55 56 57 58 59 60 61 62 63 64 65 66 67 68 69 70 71
0 1 2 3 28 29 30 31 4 5 6 7 8 9 10 11 12 13 14 15 32 33 34 35 16 17 18 19 36 37 38 39 20 21 22 23 24 25 26 27 52 53 54 55 40 41 42 43 60 61 62 63 68 69 70 71 56 57 58 59 48 49 50 51 64 65 66 67 44 45 46 47
C:\cv_assignment_5\images\KakaoTalk_20240530_125615705_10.jpg
C:\cv_assignment_5\images\KakaoTalk_20240530_125615705_15.jpg
72
0 1 2 3 4 5 6 7 8 9 10 11 12 13 14 15 16 17 18 19 20 21 22 23 24 25 26 27 28 29 30 31 32 33 34 35 36 37 38 39 40 41 42 43 44 45 46 47 48 49 50 51 52 53 54 55 56 57 58 59 60 61 62 63 64 65 66 67 68 69 70 71
0 1 2 3 4 5 6 7 8 9 10 11 12 13 14 15 16 17 18 19 24 25 26 27 20 21 22 23 32 33 34 35 28 29 30 31 36 37 38 39 64 65 66 67 40 41 42 43 44 45 46 47 52 53 54 55 48 49 50 51 56 57 58 59 68 69 70 71 60 61 62 63
C:\cv_assignment_5\images\KakaoTalk_20240530_125615705_10.jpg
C:\cv_assignment_5\images\KakaoTalk_20240530_125615705_16.jpg
72
0 1 2 3 4 5 6 7 8 9 10 11 12 13 14 15 16 17 18 19 20 21 22 23 24 25 26 27 28 29 30 31 32 33 34 35 36 37 38 39 40 41 42 43 44 45 46 47 48 49 50 51 52 53 54 55 56 57 58 59 60 61 62 63 64 65 66 67 68 69 70 71
0 1 2 3 4 5 6 7 24 25 26 27 8 9 10 11 28 29 30 31 12 13 14 15 32 33 34 35 16 17 18 19 20 21 22 23 40 41 42 43 64 65 66 67 36 37 38 39 44 45 46 47 48 49 50 51 52 53 54 55 56 57 58 59 60 61 62 63 68 69 70 71
C:\cv_assignment_5\images\KakaoTalk_20240530_125615705_10.jpg
C:\cv_assignment_5\images\KakaoTalk_20240530_125615705_17.jpg
68
0 1 2 3 4 5 6 7 8 9 10 11 12 13 14 15 16 17 18 19 20 21 22 23 24 25 26 27 28 29 30 31 32 33 34 35 40 41 42 43 44 45 46 47 48 49 50 51 52 53 54 55 56 57 58 59 60 61 62 63 64 65 66 67 68 69 70 71
0 1 2 3 4 5 6 7 8 9 10 11 12 13 14 15 20 21 22 23 16 17 18 19 32 33 34 35 28 29 30 31 36 37 38 39 68 69 70 71 24 25 26 27 48 49 50 51 52 53 54 55 56 57 58 59 64 65 66 67 60 61 62 63 72 73 74 75
C:\cv_assignment_5\images\KakaoTalk_20240530_125615705_10.jpg
C:\cv_assignment_5\images\KakaoTalk_20240530_125615705_18.jpg
36
0 1 2 3 4 5 6 7 8 9 10 11 12 13 14 15 16 17 18 19 24 25 26 27 28 29 30 31 32 33 34 35 36 37 38 39
24 25 26 27 28 29 30 31 0 1 2 3 8 9 10 11 4 5 6 7 12 13 14 15 20 21 22 23 16 17 18 19 32 33 34 35
C:\cv_assignment_5\images\KakaoTalk_20240530_125615705_10.jpg
C:\cv_assignment_5\images\KakaoTalk_20240530_125615705_19.jpg
72
0 1 2 3 4 5 6 7 8 9 10 11 12 13 14 15 16 17 18 19 20 21 22 23 24 25 26 27 28 29 30 31 32 33 34 35 36 37 38 39 40 41 42 43 44 45 46 47 48 49 50 51 52 53 54 55 56 57 58 59 60 61 62 63 64 65 66 67 68 69 70 71
0 1 2 3 4 5 6 7 8 9 10 11 16 17 18 19 12 13 14 15 32 33 34 35 20 21 22 23 40 41 42 43 28 29 30 31 36 37 38 39 56 57 58 59 44 45 46 47 60 61 62 63 68 69 70 71 64 65 66 67 52 53 54 55 72 73 74 75 48 49 50 51
C:\cv_assignment_5\images\KakaoTalk_20240530_125615705_10.jpg
C:\cv_assignment_5\images\KakaoTalk_20240530_125615705_20.jpg
68
0 1 2 3 4 5 6 7 8 9 10 11 12 13 14 15 16 17 18 19 20 21 22 23 24 25 26 27 28 29 30 31 32 33 34 35 36 37 38 39 40 41 42 43 48 49 50 51 52 53 54 55 56 57 58 59 60 61 62 63 64 65 66 67 68 69 70 71
0 1 2 3 20 21 22 23 8 9 10 11 24 25 26 27 4 5 6 7 40 41 42 43 16 17 18 19 32 33 34 35 28 29 30 31 12 13 14 15 48 49 50 51 68 69 70 71 64 65 66 67 60 61 62 63 52 53 54 55 56 57 58 59 44 45 46 47
C:\cv_assignment_5\images\KakaoTalk_20240530_125615705_11.jpg
C:\cv_assignment_5\images\KakaoTalk_20240530_125615705.jpg
16
4 5 6 7 20 21 22 23 52 53 54 55 56 57 58 59
0 1 2 3 8 9 10 11 28 29 30 31 36 37 38 39
C:\cv_assignment_5\images\KakaoTalk_20240530_125615705_11.jpg
C:\cv_assignment_5\images\KakaoTalk_20240530_125615705_01.jpg
24
4 5 6 7 20 21 22 23 40 41 42 43 48 49 50 51 52 53 54 55 56 57 58 59
0 1 2 3 16 17 18 19 24 25 26 27 8 9 10 11 20 21 22 23 40 41 42 43
C:\cv_assignment_5\images\KakaoTalk_20240530_125615705_11.jpg
C:\cv_assignment_5\images\KakaoTalk_20240530_125615705_02.jpg
28
0 1 2 3 4 5 6 7 16 17 18 19 40 41 42 43 48 49 50 51 52 53 54 55 56 57 58 59
24 25 26 27 20 21 22 23 28 29 30 31 16 17 18 19 4 5 6 7 12 13 14 15 40 41 42 43
C:\cv_assignment_5\images\KakaoTalk_20240530_125615705_11.jpg
C:\cv_assignment_5\images\KakaoTalk_20240530_125615705_03.jpg
28
0 1 2 3 8 9 10 11 16 17 18 19 40 41 42 43 48 49 50 51 52 53 54 55 60 61 62 63
8 9 10 11 12 13 14 15 16 17 18 19 28 29 30 31 0 1 2 3 24 25 26 27 32 33 34 35
C:\cv_assignment_5\images\KakaoTalk_20240530_125615705_11.jpg
C:\cv_assignment_5\images\KakaoTalk_20240530_125615705_04.jpg
24
4 5 6 7 20 21 22 23 40 41 42 43 48 49 50 51 52 53 54 55 56 57 58 59
0 1 2 3 12 13 14 15 40 41 42 43 24 25 26 27 28 29 30 31 44 45 46 47
C:\cv_assignment_5\images\KakaoTalk_20240530_125615705_11.jpg
C:\cv_assignment_5\images\KakaoTalk_20240530_125615705_05.jpg
24
0 1 2 3 8 9 10 11 12 13 14 15 16 17 18 19 40 41 42 43 60 61 62 63
0 1 2 3 4 5 6 7 24 25 26 27 8 9 10 11 16 17 18 19 28 29 30 31
C:\cv_assignment_5\images\KakaoTalk_20240530_125615705_11.jpg
C:\cv_assignment_5\images\KakaoTalk_20240530_125615705_06.jpg
36
0 1 2 3 4 5 6 7 16 17 18 19 20 21 22 23 40 41 42 43 48 49 50 51 52 53 54 55 56 57 58 59 60 61 62 63
20 21 22 23 24 25 26 27 32 33 34 35 40 41 42 43 16 17 18 19 4 5 6 7 12 13 14 15 52 53 54 55 60 61 62 63
C:\cv_assignment_5\images\KakaoTalk_20240530_125615705_11.jpg
C:\cv_assignment_5\images\KakaoTalk_20240530_125615705_07.jpg
28
8 9 10 11 12 13 14 15 24 25 26 27 28 29 30 31 32 33 34 35 60 61 62 63 64 65 66 67
4 5 6 7 8 9 10 11 12 13 14 15 16 17 18 19 24 25 26 27 32 33 34 35 28 29 30 31
C:\cv_assignment_5\images\KakaoTalk_20240530_125615705_11.jpg
C:\cv_assignment_5\images\KakaoTalk_20240530_125615705_08.jpg
32
8 9 10 11 12 13 14 15 16 17 18 19 24 25 26 27 28 29 30 31 36 37 38 39 60 61 62 63 64 65 66 67
8 9 10 11 4 5 6 7 12 13 14 15 28 29 30 31 20 21 22 23 24 25 26 27 32 33 34 35 40 41 42 43
C:\cv_assignment_5\images\KakaoTalk_20240530_125615705_11.jpg
C:\cv_assignment_5\images\KakaoTalk_20240530_125615705_09.jpg
36
12 13 14 15 24 25 26 27 28 29 30 31 32 33 34 35 36 37 38 39 44 45 46 47 64 65 66 67 68 69 70 71 72 73 74 75
24 25 26 27 4 5 6 7 12 13 14 15 8 9 10 11 16 17 18 19 0 1 2 3 36 37 38 39 44 45 46 47 40 41 42 43
C:\cv_assignment_5\images\KakaoTalk_20240530_125615705_11.jpg
C:\cv_assignment_5\images\KakaoTalk_20240530_125615705_10.jpg
28
24 25 26 27 32 33 34 35 36 37 38 39 44 45 46 47 64 65 66 67 68 69 70 71 72 73 74 75
16 17 18 19 24 25 26 27 36 37 38 39 8 9 10 11 68 69 70 71 40 41 42 43 60 61 62 63
C:\cv_assignment_5\images\KakaoTalk_20240530_125615705_11.jpg
C:\cv_assignment_5\images\KakaoTalk_20240530_125615705_12.jpg
28
24 25 26 27 32 33 34 35 36 37 38 39 44 45 46 47 64 65 66 67 68 69 70 71 72 73 74 75
12 13 14 15 20 21 22 23 36 37 38 39 8 9 10 11 40 41 42 43 44 45 46 47 32 33 34 35
C:\cv_assignment_5\images\KakaoTalk_20240530_125615705_11.jpg
C:\cv_assignment_5\images\KakaoTalk_20240530_125615705_13.jpg
24
24 25 26 27 32 33 34 35 36 37 38 39 44 45 46 47 68 69 70 71 72 73 74 75
8 9 10 11 28 29 30 31 40 41 42 43 20 21 22 23 48 49 50 51 44 45 46 47
C:\cv_assignment_5\images\KakaoTalk_20240530_125615705_11.jpg
C:\cv_assignment_5\images\KakaoTalk_20240530_125615705_14.jpg
28
24 25 26 27 32 33 34 35 36 37 38 39 44 45 46 47 64 65 66 67 68 69 70 71 72 73 74 75
12 13 14 15 16 17 18 19 24 25 26 27 4 5 6 7 44 45 46 47 52 53 54 55 48 49 50 51
C:\cv_assignment_5\images\KakaoTalk_20240530_125615705_11.jpg
C:\cv_assignment_5\images\KakaoTalk_20240530_125615705_15.jpg
28
24 25 26 27 32 33 34 35 36 37 38 39 44 45 46 47 64 65 66 67 68 69 70 71 72 73 74 75
16 17 18 19 20 21 22 23 36 37 38 39 8 9 10 11 60 61 62 63 64 65 66 67 56 57 58 59
C:\cv_assignment_5\images\KakaoTalk_20240530_125615705_11.jpg
C:\cv_assignment_5\images\KakaoTalk_20240530_125615705_16.jpg
28
24 25 26 27 32 33 34 35 36 37 38 39 44 45 46 47 64 65 66 67 68 69 70 71 72 73 74 75
28 29 30 31 32 33 34 35 40 41 42 43 24 25 26 27 68 69 70 71 64 65 66 67 56 57 58 59
C:\cv_assignment_5\images\KakaoTalk_20240530_125615705_11.jpg
C:\cv_assignment_5\images\KakaoTalk_20240530_125615705_17.jpg
32
12 13 14 15 24 25 26 27 28 29 30 31 32 33 34 35 44 45 46 47 64 65 66 67 68 69 70 71 72 73 74 75
44 45 46 47 20 21 22 23 40 41 42 43 32 33 34 35 8 9 10 11 72 73 74 75 68 69 70 71 64 65 66 67
C:\cv_assignment_5\images\KakaoTalk_20240530_125615705_11.jpg
C:\cv_assignment_5\images\KakaoTalk_20240530_125615705_18.jpg
16
24 25 26 27 32 33 34 35 36 37 38 39 44 45 46 47
4 5 6 7 12 13 14 15 32 33 34 35 0 1 2 3
C:\cv_assignment_5\images\KakaoTalk_20240530_125615705_11.jpg
C:\cv_assignment_5\images\KakaoTalk_20240530_125615705_19.jpg
32
24 25 26 27 28 29 30 31 32 33 34 35 36 37 38 39 44 45 46 47 64 65 66 67 68 69 70 71 72 73 74 75
12 13 14 15 24 25 26 27 20 21 22 23 36 37 38 39 8 9 10 11 48 49 50 51 56 57 58 59 52 53 54 55
C:\cv_assignment_5\images\KakaoTalk_20240530_125615705_11.jpg
C:\cv_assignment_5\images\KakaoTalk_20240530_125615705_20.jpg
32
24 25 26 27 28 29 30 31 32 33 34 35 36 37 38 39 44 45 46 47 64 65 66 67 68 69 70 71 72 73 74 75
4 5 6 7 36 37 38 39 16 17 18 19 12 13 14 15 8 9 10 11 44 45 46 47 48 49 50 51 52 53 54 55
C:\cv_assignment_5\images\KakaoTalk_20240530_125615705_11.jpg
C:\cv_assignment_5\images\KakaoTalk_20240612_164344960.jpg
12
0 1 2 3 8 9 10 11 16 17 18 19
0 1 2 3 4 5 6 7 8 9 10 11
C:\cv_assignment_5\images\KakaoTalk_20240530_125615705_11.jpg
C:\cv_assignment_5\images\KakaoTalk_20240612_164344960_01.jpg
12
0 1 2 3 8 9 10 11 16 17 18 19
0 1 2 3 4 5 6 7 8 9 10 11
C:\cv_assignment_5\images\KakaoTalk_20240530_125615705_11.jpg
C:\cv_assignment_5\images\KakaoTalk_20240612_164344960_02.jpg
12
0 1 2 3 8 9 10 11 16 17 18 19
0 1 2 3 4 5 6 7 8 9 10 11
C:\cv_assignment_5\images\KakaoTalk_20240530_125615705_12.jpg
C:\cv_assignment_5\images\KakaoTalk_20240530_125615705_07.jpg
12
12 13 14 15 20 21 22 23 40 41 42 43
12 13 14 15 24 25 26 27 28 29 30 31
C:\cv_assignment_5\images\KakaoTalk_20240530_125615705_12.jpg
C:\cv_assignment_5\images\KakaoTalk_20240530_125615705_08.jpg
12
12 13 14 15 36 37 38 39 40 41 42 43
28 29 30 31 24 25 26 27 40 41 42 43
C:\cv_assignment_5\images\KakaoTalk_20240530_125615705_12.jpg
C:\cv_assignment_5\images\KakaoTalk_20240530_125615705_09.jpg
40
0 1 2 3 8 9 10 11 12 13 14 15 16 17 18 19 20 21 22 23 24 25 26 27 32 33 34 35 36 37 38 39 40 41 42 43 44 45 46 47
20 21 22 23 0 1 2 3 4 5 6 7 28 29 30 31 8 9 10 11 32 33 34 35 40 41 42 43 16 17 18 19 36 37 38 39 44 45 46 47
C:\cv_assignment_5\images\KakaoTalk_20240530_125615705_12.jpg
C:\cv_assignment_5\images\KakaoTalk_20240530_125615705_10.jpg
60
0 1 2 3 4 5 6 7 8 9 10 11 12 13 14 15 16 17 18 19 20 21 22 23 24 25 26 27 28 29 30 31 32 33 34 35 36 37 38 39 40 41 42 43 44 45 46 47 48 49 50 51 52 53 54 55 56 57 58 59
0 1 2 3 4 5 6 7 8 9 10 11 16 17 18 19 12 13 14 15 24 25 26 27 32 33 34 35 28 29 30 31 60 61 62 63 36 37 38 39 68 69 70 71 40 41 42 43 56 57 58 59 64 65 66 67 52 53 54 55
C:\cv_assignment_5\images\KakaoTalk_20240530_125615705_12.jpg
C:\cv_assignment_5\images\KakaoTalk_20240530_125615705_11.jpg
28
8 9 10 11 12 13 14 15 20 21 22 23 32 33 34 35 36 37 38 39 40 41 42 43 44 45 46 47
44 45 46 47 24 25 26 27 32 33 34 35 72 73 74 75 36 37 38 39 64 65 66 67 68 69 70 71
C:\cv_assignment_5\images\KakaoTalk_20240530_125615705_12.jpg
C:\cv_assignment_5\images\KakaoTalk_20240530_125615705_13.jpg
56
0 1 2 3 4 5 6 7 8 9 10 11 12 13 14 15 16 17 18 19 20 21 22 23 24 25 26 27 28 29 30 31 32 33 34 35 36 37 38 39 44 45 46 47 48 49 50 51 52 53 54 55 56 57 58 59
0 1 2 3 16 17 18 19 20 21 22 23 8 9 10 11 24 25 26 27 28 29 30 31 36 37 38 39 32 33 34 35 44 45 46 47 40 41 42 43 48 49 50 51 56 57 58 59 60 61 62 63 64 65 66 67
C:\cv_assignment_5\images\KakaoTalk_20240530_125615705_12.jpg
C:\cv_assignment_5\images\KakaoTalk_20240530_125615705_14.jpg
60
0 1 2 3 4 5 6 7 8 9 10 11 12 13 14 15 16 17 18 19 20 21 22 23 24 25 26 27 28 29 30 31 32 33 34 35 36 37 38 39 40 41 42 43 44 45 46 47 48 49 50 51 52 53 54 55 56 57 58 59
0 1 2 3 28 29 30 31 4 5 6 7 12 13 14 15 8 9 10 11 16 17 18 19 20 21 22 23 36 37 38 39 48 49 50 51 24 25 26 27 44 45 46 47 52 53 54 55 56 57 58 59 64 65 66 67 68 69 70 71
C:\cv_assignment_5\images\KakaoTalk_20240530_125615705_12.jpg
C:\cv_assignment_5\images\KakaoTalk_20240530_125615705_15.jpg
60
0 1 2 3 4 5 6 7 8 9 10 11 12 13 14 15 16 17 18 19 20 21 22 23 24 25 26 27 28 29 30 31 32 33 34 35 36 37 38 39 40 41 42 43 44 45 46 47 48 49 50 51 52 53 54 55 56 57 58 59
0 1 2 3 4 5 6 7 8 9 10 11 16 17 18 19 12 13 14 15 20 21 22 23 28 29 30 31 32 33 34 35 56 57 58 59 36 37 38 39 60 61 62 63 64 65 66 67 48 49 50 51 68 69 70 71 52 53 54 55
C:\cv_assignment_5\images\KakaoTalk_20240530_125615705_12.jpg
C:\cv_assignment_5\images\KakaoTalk_20240530_125615705_16.jpg
60
0 1 2 3 4 5 6 7 8 9 10 11 12 13 14 15 16 17 18 19 20 21 22 23 24 25 26 27 28 29 30 31 32 33 34 35 36 37 38 39 40 41 42 43 44 45 46 47 48 49 50 51 52 53 54 55 56 57 58 59
0 1 2 3 4 5 6 7 24 25 26 27 28 29 30 31 8 9 10 11 32 33 34 35 20 21 22 23 16 17 18 19 56 57 58 59 40 41 42 43 68 69 70 71 64 65 66 67 52 53 54 55 60 61 62 63 48 49 50 51
C:\cv_assignment_5\images\KakaoTalk_20240530_125615705_12.jpg
C:\cv_assignment_5\images\KakaoTalk_20240530_125615705_17.jpg
56
0 1 2 3 4 5 6 7 8 9 10 11 12 13 14 15 16 17 18 19 20 21 22 23 24 25 26 27 28 29 30 31 32 33 34 35 40 41 42 43 44 45 46 47 48 49 50 51 52 53 54 55 56 57 58 59
0 1 2 3 4 5 6 7 8 9 10 11 20 21 22 23 12 13 14 15 32 33 34 35 36 37 38 39 28 29 30 31 64 65 66 67 72 73 74 75 68 69 70 71 56 57 58 59 60 61 62 63 52 53 54 55
C:\cv_assignment_5\images\KakaoTalk_20240530_125615705_12.jpg
C:\cv_assignment_5\images\KakaoTalk_20240530_125615705_18.jpg
36
0 1 2 3 4 5 6 7 8 9 10 11 12 13 14 15 16 17 18 19 20 21 22 23 24 25 26 27 28 29 30 31 36 37 38 39
24 25 26 27 28 29 30 31 0 1 2 3 4 5 6 7 8 9 10 11 12 13 14 15 16 17 18 19 20 21 22 23 32 33 34 35
C:\cv_assignment_5\images\KakaoTalk_20240530_125615705_12.jpg
C:\cv_assignment_5\images\KakaoTalk_20240530_125615705_19.jpg
60
0 1 2 3 4 5 6 7 8 9 10 11 12 13 14 15 16 17 18 19 20 21 22 23 24 25 26 27 28 29 30 31 32 33 34 35 36 37 38 39 40 41 42 43 44 45 46 47 48 49 50 51 52 53 54 55 56 57 58 59
0 1 2 3 4 5 6 7 8 9 10 11 12 13 14 15 16 17 18 19 20 21 22 23 28 29 30 31 40 41 42 43 52 53 54 55 36 37 38 39 48 49 50 51 56 57 58 59 64 65 66 67 72 73 74 75 68 69 70 71
C:\cv_assignment_5\images\KakaoTalk_20240530_125615705_12.jpg
C:\cv_assignment_5\images\KakaoTalk_20240530_125615705_20.jpg
60
0 1 2 3 4 5 6 7 8 9 10 11 12 13 14 15 16 17 18 19 20 21 22 23 24 25 26 27 28 29 30 31 32 33 34 35 36 37 38 39 40 41 42 43 44 45 46 47 48 49 50 51 52 53 54 55 56 57 58 59
0 1 2 3 20 21 22 23 8 9 10 11 4 5 6 7 24 25 26 27 16 17 18 19 28 29 30 31 32 33 34 35 52 53 54 55 12 13 14 15 44 45 46 47 48 49 50 51 60 61 62 63 56 57 58 59 64 65 66 67
C:\cv_assignment_5\images\KakaoTalk_20240530_125615705_13.jpg
C:\cv_assignment_5\images\KakaoTalk_20240530_125615705_07.jpg
8
8 9 10 11 28 29 30 31
12 13 14 15 24 25 26 27
C:\cv_assignment_5\images\KakaoTalk_20240530_125615705_13.jpg
C:\cv_assignment_5\images\KakaoTalk_20240530_125615705_08.jpg
8
8 9 10 11 40 41 42 43
28 29 30 31 24 25 26 27
C:\cv_assignment_5\images\KakaoTalk_20240530_125615705_13.jpg
C:\cv_assignment_5\images\KakaoTalk_20240530_125615705_09.jpg
36
0 1 2 3 8 9 10 11 20 21 22 23 24 25 26 27 28 29 30 31 36 37 38 39 40 41 42 43 44 45 46 47 48 49 50 51
20 21 22 23 4 5 6 7 0 1 2 3 28 29 30 31 8 9 10 11 32 33 34 35 16 17 18 19 40 41 42 43 44 45 46 47
C:\cv_assignment_5\images\KakaoTalk_20240530_125615705_13.jpg
C:\cv_assignment_5\images\KakaoTalk_20240530_125615705_10.jpg
68
0 1 2 3 4 5 6 7 8 9 10 11 12 13 14 15 16 17 18 19 20 21 22 23 24 25 26 27 28 29 30 31 32 33 34 35 36 37 38 39 40 41 42 43 44 45 46 47 48 49 50 51 52 53 54 55 56 57 58 59 60 61 62 63 64 65 66 67
0 1 2 3 20 21 22 23 16 17 18 19 44 45 46 47 4 5 6 7 8 9 10 11 12 13 14 15 24 25 26 27 28 29 30 31 32 33 34 35 36 37 38 39 60 61 62 63 40 41 42 43 48 49 50 51 56 57 58 59 64 65 66 67 52 53 54 55
C:\cv_assignment_5\images\KakaoTalk_20240530_125615705_13.jpg
C:\cv_assignment_5\images\KakaoTalk_20240530_125615705_11.jpg
24
8 9 10 11 20 21 22 23 28 29 30 31 40 41 42 43 44 45 46 47 48 49 50 51
24 25 26 27 44 45 46 47 32 33 34 35 36 37 38 39 72 73 74 75 68 69 70 71
C:\cv_assignment_5\images\KakaoTalk_20240530_125615705_13.jpg
C:\cv_assignment_5\images\KakaoTalk_20240530_125615705_12.jpg
56
0 1 2 3 8 9 10 11 16 17 18 19 20 21 22 23 24 25 26 27 28 29 30 31 32 33 34 35 36 37 38 39 40 41 42 43 44 45 46 47 48 49 50 51 56 57 58 59 60 61 62 63 64 65 66 67
0 1 2 3 12 13 14 15 4 5 6 7 8 9 10 11 16 17 18 19 20 21 22 23 28 29 30 31 24 25 26 27 36 37 38 39 32 33 34 35 44 45 46 47 48 49 50 51 52 53 54 55 56 57 58 59
C:\cv_assignment_5\images\KakaoTalk_20240530_125615705_13.jpg
C:\cv_assignment_5\images\KakaoTalk_20240530_125615705_14.jpg
68
0 1 2 3 4 5 6 7 8 9 10 11 12 13 14 15 16 17 18 19 20 21 22 23 24 25 26 27 28 29 30 31 32 33 34 35 36 37 38 39 40 41 42 43 44 45 46 47 48 49 50 51 52 53 54 55 56 57 58 59 60 61 62 63 64 65 66 67
0 1 2 3 32 33 34 35 12 13 14 15 40 41 42 43 28 29 30 31 4 5 6 7 8 9 10 11 16 17 18 19 36 37 38 39 20 21 22 23 24 25 26 27 48 49 50 51 52 53 54 55 60 61 62 63 56 57 58 59 64 65 66 67 68 69 70 71
C:\cv_assignment_5\images\KakaoTalk_20240530_125615705_13.jpg
C:\cv_assignment_5\images\KakaoTalk_20240530_125615705_15.jpg
68
0 1 2 3 4 5 6 7 8 9 10 11 12 13 14 15 16 17 18 19 20 21 22 23 24 25 26 27 28 29 30 31 32 33 34 35 36 37 38 39 40 41 42 43 44 45 46 47 48 49 50 51 52 53 54 55 56 57 58 59 60 61 62 63 64 65 66 67
0 1 2 3 24 25 26 27 16 17 18 19 40 41 42 43 4 5 6 7 8 9 10 11 12 13 14 15 20 21 22 23 32 33 34 35 28 29 30 31 36 37 38 39 56 57 58 59 64 65 66 67 44 45 46 47 48 49 50 51 68 69 70 71 52 53 54 55
C:\cv_assignment_5\images\KakaoTalk_20240530_125615705_13.jpg
C:\cv_assignment_5\images\KakaoTalk_20240530_125615705_16.jpg
68
0 1 2 3 4 5 6 7 8 9 10 11 12 13 14 15 16 17 18 19 20 21 22 23 24 25 26 27 28 29 30 31 32 33 34 35 36 37 38 39 40 41 42 43 44 45 46 47 48 49 50 51 52 53 54 55 56 57 58 59 60 61 62 63 64 65 66 67
0 1 2 3 12 13 14 15 28 29 30 31 36 37 38 39 4 5 6 7 24 25 26 27 8 9 10 11 32 33 34 35 16 17 18 19 20 21 22 23 40 41 42 43 56 57 58 59 64 65 66 67 44 45 46 47 52 53 54 55 60 61 62 63 48 49 50 51
C:\cv_assignment_5\images\KakaoTalk_20240530_125615705_13.jpg
C:\cv_assignment_5\images\KakaoTalk_20240530_125615705_17.jpg
64
0 1 2 3 4 5 6 7 8 9 10 11 12 13 14 15 16 17 18 19 20 21 22 23 24 25 26 27 28 29 30 31 32 33 34 35 36 37 38 39 44 45 46 47 48 49 50 51 52 53 54 55 56 57 58 59 60 61 62 63 64 65 66 67
0 1 2 3 16 17 18 19 20 21 22 23 24 25 26 27 4 5 6 7 8 9 10 11 12 13 14 15 32 33 34 35 28 29 30 31 36 37 38 39 64 65 66 67 68 69 70 71 48 49 50 51 56 57 58 59 60 61 62 63 52 53 54 55
C:\cv_assignment_5\images\KakaoTalk_20240530_125615705_13.jpg
C:\cv_assignment_5\images\KakaoTalk_20240530_125615705_18.jpg
36
0 1 2 3 8 9 10 11 16 17 18 19 20 21 22 23 24 25 26 27 28 29 30 31 32 33 34 35 36 37 38 39 40 41 42 43
24 25 26 27 4 5 6 7 28 29 30 31 0 1 2 3 8 9 10 11 12 13 14 15 20 21 22 23 16 17 18 19 32 33 34 35
C:\cv_assignment_5\images\KakaoTalk_20240530_125615705_13.jpg
C:\cv_assignment_5\images\KakaoTalk_20240530_125615705_19.jpg
68
0 1 2 3 4 5 6 7 8 9 10 11 12 13 14 15 16 17 18 19 20 21 22 23 24 25 26 27 28 29 30 31 32 33 34 35 36 37 38 39 40 41 42 43 44 45 46 47 48 49 50 51 52 53 54 55 56 57 58 59 60 61 62 63 64 65 66 67
0 1 2 3 32 33 34 35 12 13 14 15 44 45 46 47 4 5 6 7 8 9 10 11 16 17 18 19 20 21 22 23 40 41 42 43 28 29 30 31 36 37 38 39 52 53 54 55 56 57 58 59 60 61 62 63 64 65 66 67 72 73 74 75 68 69 70 71
C:\cv_assignment_5\images\KakaoTalk_20240530_125615705_13.jpg
C:\cv_assignment_5\images\KakaoTalk_20240530_125615705_20.jpg
64
0 1 2 3 4 5 6 7 8 9 10 11 16 17 18 19 20 21 22 23 24 25 26 27 28 29 30 31 32 33 34 35 36 37 38 39 40 41 42 43 44 45 46 47 48 49 50 51 52 53 54 55 56 57 58 59 60 61 62 63 64 65 66 67
0 1 2 3 40 41 42 43 4 5 6 7 20 21 22 23 8 9 10 11 24 25 26 27 16 17 18 19 32 33 34 35 28 29 30 31 12 13 14 15 52 53 54 55 48 49 50 51 68 69 70 71 60 61 62 63 56 57 58 59 64 65 66 67
C:\cv_assignment_5\images\KakaoTalk_20240530_125615705_14.jpg
C:\cv_assignment_5\images\KakaoTalk_20240530_125615705_07.jpg
12
12 13 14 15 16 17 18 19 44 45 46 47
12 13 14 15 24 25 26 27 28 29 30 31
C:\cv_assignment_5\images\KakaoTalk_20240530_125615705_14.jpg
C:\cv_assignment_5\images\KakaoTalk_20240530_125615705_08.jpg
12
12 13 14 15 24 25 26 27 44 45 46 47
28 29 30 31 24 25 26 27 40 41 42 43
C:\cv_assignment_5\images\KakaoTalk_20240530_125615705_14.jpg
C:\cv_assignment_5\images\KakaoTalk_20240530_125615705_09.jpg
40
0 1 2 3 4 5 6 7 8 9 10 11 12 13 14 15 16 17 18 19 20 21 22 23 24 25 26 27 44 45 46 47 48 49 50 51 52 53 54 55
20 21 22 23 0 1 2 3 28 29 30 31 4 5 6 7 8 9 10 11 32 33 34 35 16 17 18 19 36 37 38 39 40 41 42 43 44 45 46 47
C:\cv_assignment_5\images\KakaoTalk_20240530_125615705_14.jpg
C:\cv_assignment_5\images\KakaoTalk_20240530_125615705_10.jpg
72
0 1 2 3 4 5 6 7 8 9 10 11 12 13 14 15 16 17 18 19 20 21 22 23 24 25 26 27 28 29 30 31 32 33 34 35 36 37 38 39 40 41 42 43 44 45 46 47 48 49 50 51 52 53 54 55 56 57 58 59 60 61 62 63 64 65 66 67 68 69 70 71
0 1 2 3 8 9 10 11 12 13 14 15 16 17 18 19 24 25 26 27 32 33 34 35 36 37 38 39 4 5 6 7 20 21 22 23 28 29 30 31 44 45 46 47 68 69 70 71 60 61 62 63 40 41 42 43 56 57 58 59 48 49 50 51 64 65 66 67 52 53 54 55
C:\cv_assignment_5\images\KakaoTalk_20240530_125615705_14.jpg
C:\cv_assignment_5\images\KakaoTalk_20240530_125615705_11.jpg
28
4 5 6 7 12 13 14 15 16 17 18 19 24 25 26 27 44 45 46 47 48 49 50 51 52 53 54 55
44 45 46 47 24 25 26 27 32 33 34 35 36 37 38 39 64 65 66 67 72 73 74 75 68 69 70 71
C:\cv_assignment_5\images\KakaoTalk_20240530_125615705_14.jpg
C:\cv_assignment_5\images\KakaoTalk_20240530_125615705_12.jpg
60
0 1 2 3 4 5 6 7 8 9 10 11 12 13 14 15 16 17 18 19 20 21 22 23 24 25 26 27 28 29 30 31 36 37 38 39 44 45 46 47 48 49 50 51 52 53 54 55 56 57 58 59 64 65 66 67 68 69 70 71
0 1 2 3 8 9 10 11 16 17 18 19 12 13 14 15 20 21 22 23 24 25 26 27 36 37 38 39 4 5 6 7 28 29 30 31 40 41 42 43 32 33 34 35 44 45 46 47 48 49 50 51 52 53 54 55 56 57 58 59
C:\cv_assignment_5\images\KakaoTalk_20240530_125615705_14.jpg
C:\cv_assignment_5\images\KakaoTalk_20240530_125615705_13.jpg
68
0 1 2 3 4 5 6 7 8 9 10 11 12 13 14 15 16 17 18 19 20 21 22 23 24 25 26 27 28 29 30 31 32 33 34 35 36 37 38 39 40 41 42 43 48 49 50 51 52 53 54 55 56 57 58 59 60 61 62 63 64 65 66 67 68 69 70 71
0 1 2 3 20 21 22 23 24 25 26 27 8 9 10 11 28 29 30 31 36 37 38 39 40 41 42 43 16 17 18 19 4 5 6 7 32 33 34 35 12 13 14 15 44 45 46 47 48 49 50 51 56 57 58 59 52 53 54 55 60 61 62 63 64 65 66 67
C:\cv_assignment_5\images\KakaoTalk_20240530_125615705_14.jpg
C:\cv_assignment_5\images\KakaoTalk_20240530_125615705_15.jpg
72
0 1 2 3 4 5 6 7 8 9 10 11 12 13 14 15 16 17 18 19 20 21 22 23 24 25 26 27 28 29 30 31 32 33 34 35 36 37 38 39 40 41 42 43 44 45 46 47 48 49 50 51 52 53 54 55 56 57 58 59 60 61 62 63 64 65 66 67 68 69 70 71
0 1 2 3 8 9 10 11 12 13 14 15 16 17 18 19 20 21 22 23 28 29 30 31 36 37 38 39 4 5 6 7 24 25 26 27 32 33 34 35 40 41 42 43 60 61 62 63 56 57 58 59 64 65 66 67 48 49 50 51 44 45 46 47 68 69 70 71 52 53 54 55
C:\cv_assignment_5\images\KakaoTalk_20240530_125615705_14.jpg
C:\cv_assignment_5\images\KakaoTalk_20240530_125615705_16.jpg
72
0 1 2 3 4 5 6 7 8 9 10 11 12 13 14 15 16 17 18 19 20 21 22 23 24 25 26 27 28 29 30 31 32 33 34 35 36 37 38 39 40 41 42 43 44 45 46 47 48 49 50 51 52 53 54 55 56 57 58 59 60 61 62 63 64 65 66 67 68 69 70 71
0 1 2 3 24 25 26 27 8 9 10 11 28 29 30 31 32 33 34 35 20 21 22 23 40 41 42 43 4 5 6 7 12 13 14 15 16 17 18 19 36 37 38 39 68 69 70 71 56 57 58 59 64 65 66 67 52 53 54 55 44 45 46 47 60 61 62 63 48 49 50 51
C:\cv_assignment_5\images\KakaoTalk_20240530_125615705_14.jpg
C:\cv_assignment_5\images\KakaoTalk_20240530_125615705_17.jpg
68
0 1 2 3 4 5 6 7 8 9 10 11 12 13 14 15 16 17 18 19 20 21 22 23 28 29 30 31 32 33 34 35 36 37 38 39 40 41 42 43 44 45 46 47 48 49 50 51 52 53 54 55 56 57 58 59 60 61 62 63 64 65 66 67 68 69 70 71
0 1 2 3 8 9 10 11 12 13 14 15 20 21 22 23 32 33 34 35 36 37 38 39 4 5 6 7 16 17 18 19 28 29 30 31 24 25 26 27 72 73 74 75 64 65 66 67 68 69 70 71 56 57 58 59 48 49 50 51 60 61 62 63 52 53 54 55
C:\cv_assignment_5\images\KakaoTalk_20240530_125615705_14.jpg
C:\cv_assignment_5\images\KakaoTalk_20240530_125615705_18.jpg
36
0 1 2 3 4 5 6 7 8 9 10 11 12 13 14 15 16 17 18 19 20 21 22 23 24 25 26 27 28 29 30 31 36 37 38 39
24 25 26 27 0 1 2 3 8 9 10 11 4 5 6 7 12 13 14 15 16 17 18 19 32 33 34 35 28 29 30 31 20 21 22 23
C:\cv_assignment_5\images\KakaoTalk_20240530_125615705_14.jpg
C:\cv_assignment_5\images\KakaoTalk_20240530_125615705_19.jpg
72
0 1 2 3 4 5 6 7 8 9 10 11 12 13 14 15 16 17 18 19 20 21 22 23 24 25 26 27 28 29 30 31 32 33 34 35 36 37 38 39 40 41 42 43 44 45 46 47 48 49 50 51 52 53 54 55 56 57 58 59 60 61 62 63 64 65 66 67 68 69 70 71
0 1 2 3 8 9 10 11 16 17 18 19 12 13 14 15 20 21 22 23 28 29 30 31 36 37 38 39 4 5 6 7 32 33 34 35 40 41 42 43 44 45 46 47 48 49 50 51 52 53 54 55 56 57 58 59 64 65 66 67 60 61 62 63 72 73 74 75 68 69 70 71
C:\cv_assignment_5\images\KakaoTalk_20240530_125615705_14.jpg
C:\cv_assignment_5\images\KakaoTalk_20240530_125615705_20.jpg
68
0 1 2 3 4 5 6 7 8 9 10 11 12 13 14 15 16 17 18 19 20 21 22 23 24 25 26 27 28 29 30 31 32 33 34 35 36 37 38 39 44 45 46 47 48 49 50 51 52 53 54 55 56 57 58 59 60 61 62 63 64 65 66 67 68 69 70 71
0 1 2 3 8 9 10 11 24 25 26 27 4 5 6 7 16 17 18 19 28 29 30 31 12 13 14 15 20 21 22 23 40 41 42 43 32 33 34 35 44 45 46 47 52 53 54 55 48 49 50 51 60 61 62 63 68 69 70 71 56 57 58 59 64 65 66 67
C:\cv_assignment_5\images\KakaoTalk_20240530_125615705_15.jpg
C:\cv_assignment_5\images\KakaoTalk_20240530_125615705_07.jpg
12
16 17 18 19 20 21 22 23 60 61 62 63
12 13 14 15 24 25 26 27 28 29 30 31
C:\cv_assignment_5\images\KakaoTalk_20240530_125615705_15.jpg
C:\cv_assignment_5\images\KakaoTalk_20240530_125615705_08.jpg
12
16 17 18 19 36 37 38 39 60 61 62 63
28 29 30 31 24 25 26 27 40 41 42 43
C:\cv_assignment_5\images\KakaoTalk_20240530_125615705_15.jpg
C:\cv_assignment_5\images\KakaoTalk_20240530_125615705_09.jpg
40
0 1 2 3 8 9 10 11 12 13 14 15 16 17 18 19 20 21 22 23 28 29 30 31 36 37 38 39 56 57 58 59 60 61 62 63 64 65 66 67
20 21 22 23 0 1 2 3 28 29 30 31 4 5 6 7 8 9 10 11 32 33 34 35 16 17 18 19 40 41 42 43 36 37 38 39 44 45 46 47
C:\cv_assignment_5\images\KakaoTalk_20240530_125615705_15.jpg
C:\cv_assignment_5\images\KakaoTalk_20240530_125615705_10.jpg
72
0 1 2 3 4 5 6 7 8 9 10 11 12 13 14 15 16 17 18 19 20 21 22 23 24 25 26 27 28 29 30 31 32 33 34 35 36 37 38 39 40 41 42 43 44 45 46 47 48 49 50 51 52 53 54 55 56 57 58 59 60 61 62 63 64 65 66 67 68 69 70 71
0 1 2 3 4 5 6 7 8 9 10 11 12 13 14 15 16 17 18 19 24 25 26 27 20 21 22 23 32 33 34 35 28 29 30 31 36 37 38 39 44 45 46 47 48 49 50 51 56 57 58 59 52 53 54 55 60 61 62 63 68 69 70 71 40 41 42 43 64 65 66 67
C:\cv_assignment_5\images\KakaoTalk_20240530_125615705_15.jpg
C:\cv_assignment_5\images\KakaoTalk_20240530_125615705_11.jpg
28
8 9 10 11 16 17 18 19 20 21 22 23 36 37 38 39 56 57 58 59 60 61 62 63 64 65 66 67
44 45 46 47 24 25 26 27 32 33 34 35 36 37 38 39 72 73 74 75 64 65 66 67 68 69 70 71
C:\cv_assignment_5\images\KakaoTalk_20240530_125615705_15.jpg
C:\cv_assignment_5\images\KakaoTalk_20240530_125615705_12.jpg
60
0 1 2 3 4 5 6 7 8 9 10 11 12 13 14 15 16 17 18 19 20 21 22 23 28 29 30 31 32 33 34 35 36 37 38 39 48 49 50 51 52 53 54 55 56 57 58 59 60 61 62 63 64 65 66 67 68 69 70 71
0 1 2 3 4 5 6 7 8 9 10 11 16 17 18 19 12 13 14 15 20 21 22 23 24 25 26 27 28 29 30 31 36 37 38 39 48 49 50 51 56 57 58 59 32 33 34 35 40 41 42 43 44 45 46 47 52 53 54 55
C:\cv_assignment_5\images\KakaoTalk_20240530_125615705_15.jpg
C:\cv_assignment_5\images\KakaoTalk_20240530_125615705_13.jpg
68
0 1 2 3 4 5 6 7 8 9 10 11 12 13 14 15 16 17 18 19 20 21 22 23 24 25 26 27 28 29 30 31 32 33 34 35 36 37 38 39 40 41 42 43 44 45 46 47 48 49 50 51 52 53 54 55 56 57 58 59 64 65 66 67 68 69 70 71
0 1 2 3 16 17 18 19 20 21 22 23 24 25 26 27 8 9 10 11 28 29 30 31 4 5 6 7 36 37 38 39 32 33 34 35 40 41 42 43 12 13 14 15 52 53 54 55 56 57 58 59 64 65 66 67 44 45 46 47 48 49 50 51 60 61 62 63
C:\cv_assignment_5\images\KakaoTalk_20240530_125615705_15.jpg
C:\cv_assignment_5\images\KakaoTalk_20240530_125615705_14.jpg
72
0 1 2 3 4 5 6 7 8 9 10 11 12 13 14 15 16 17 18 19 20 21 22 23 24 25 26 27 28 29 30 31 32 33 34 35 36 37 38 39 40 41 42 43 44 45 46 47 48 49 50 51 52 53 54 55 56 57 58 59 60 61 62 63 64 65 66 67 68 69 70 71
0 1 2 3 28 29 30 31 4 5 6 7 8 9 10 11 12 13 14 15 16 17 18 19 32 33 34 35 20 21 22 23 36 37 38 39 24 25 26 27 40 41 42 43 60 61 62 63 56 57 58 59 68 69 70 71 48 49 50 51 44 45 46 47 52 53 54 55 64 65 66 67
C:\cv_assignment_5\images\KakaoTalk_20240530_125615705_15.jpg
C:\cv_assignment_5\images\KakaoTalk_20240530_125615705_16.jpg
72
0 1 2 3 4 5 6 7 8 9 10 11 12 13 14 15 16 17 18 19 20 21 22 23 24 25 26 27 28 29 30 31 32 33 34 35 36 37 38 39 40 41 42 43 44 45 46 47 48 49 50 51 52 53 54 55 56 57 58 59 60 61 62 63 64 65 66 67 68 69 70 71
0 1 2 3 4 5 6 7 24 25 26 27 8 9 10 11 28 29 30 31 32 33 34 35 12 13 14 15 20 21 22 23 16 17 18 19 40 41 42 43 36 37 38 39 44 45 46 47 52 53 54 55 48 49 50 51 56 57 58 59 68 69 70 71 64 65 66 67 60 61 62 63
C:\cv_assignment_5\images\KakaoTalk_20240530_125615705_15.jpg
C:\cv_assignment_5\images\KakaoTalk_20240530_125615705_17.jpg
68
0 1 2 3 4 5 6 7 8 9 10 11 12 13 14 15 16 17 18 19 20 21 22 23 24 25 26 27 28 29 30 31 32 33 34 35 40 41 42 43 44 45 46 47 48 49 50 51 52 53 54 55 56 57 58 59 60 61 62 63 64 65 66 67 68 69 70 71
0 1 2 3 4 5 6 7 8 9 10 11 12 13 14 15 20 21 22 23 32 33 34 35 16 17 18 19 36 37 38 39 28 29 30 31 24 25 26 27 48 49 50 51 56 57 58 59 52 53 54 55 64 65 66 67 72 73 74 75 68 69 70 71 60 61 62 63
C:\cv_assignment_5\images\KakaoTalk_20240530_125615705_15.jpg
C:\cv_assignment_5\images\KakaoTalk_20240530_125615705_18.jpg
36
0 1 2 3 4 5 6 7 8 9 10 11 12 13 14 15 16 17 18 19 20 21 22 23 28 29 30 31 32 33 34 35 36 37 38 39
24 25 26 27 28 29 30 31 0 1 2 3 8 9 10 11 4 5 6 7 12 13 14 15 16 17 18 19 20 21 22 23 32 33 34 35
C:\cv_assignment_5\images\KakaoTalk_20240530_125615705_15.jpg
C:\cv_assignment_5\images\KakaoTalk_20240530_125615705_19.jpg
72
0 1 2 3 4 5 6 7 8 9 10 11 12 13 14 15 16 17 18 19 20 21 22 23 24 25 26 27 28 29 30 31 32 33 34 35 36 37 38 39 40 41 42 43 44 45 46 47 48 49 50 51 52 53 54 55 56 57 58 59 60 61 62 63 64 65 66 67 68 69 70 71
0 1 2 3 4 5 6 7 8 9 10 11 16 17 18 19 12 13 14 15 20 21 22 23 32 33 34 35 28 29 30 31 40 41 42 43 36 37 38 39 44 45 46 47 60 61 62 63 64 65 66 67 68 69 70 71 52 53 54 55 48 49 50 51 56 57 58 59 72 73 74 75
C:\cv_assignment_5\images\KakaoTalk_20240530_125615705_15.jpg
C:\cv_assignment_5\images\KakaoTalk_20240530_125615705_20.jpg
68
0 1 2 3 4 5 6 7 8 9 10 11 12 13 14 15 16 17 18 19 20 21 22 23 24 25 26 27 28 29 30 31 32 33 34 35 36 37 38 39 44 45 46 47 48 49 50 51 52 53 54 55 56 57 58 59 60 61 62 63 64 65 66 67 68 69 70 71
0 1 2 3 20 21 22 23 8 9 10 11 24 25 26 27 4 5 6 7 16 17 18 19 40 41 42 43 28 29 30 31 32 33 34 35 12 13 14 15 68 69 70 71 60 61 62 63 64 65 66 67 52 53 54 55 44 45 46 47 48 49 50 51 56 57 58 59
C:\cv_assignment_5\images\KakaoTalk_20240530_125615705_16.jpg
C:\cv_assignment_5\images\KakaoTalk_20240530_125615705_07.jpg
12
28 29 30 31 32 33 34 35 68 69 70 71
12 13 14 15 24 25 26 27 28 29 30 31
C:\cv_assignment_5\images\KakaoTalk_20240530_125615705_16.jpg
C:\cv_assignment_5\images\KakaoTalk_20240530_125615705_08.jpg
12
28 29 30 31 40 41 42 43 68 69 70 71
28 29 30 31 24 25 26 27 40 41 42 43
C:\cv_assignment_5\images\KakaoTalk_20240530_125615705_16.jpg
C:\cv_assignment_5\images\KakaoTalk_20240530_125615705_09.jpg
40
0 1 2 3 8 9 10 11 20 21 22 23 24 25 26 27 28 29 30 31 32 33 34 35 40 41 42 43 56 57 58 59 64 65 66 67 68 69 70 71
20 21 22 23 28 29 30 31 32 33 34 35 0 1 2 3 4 5 6 7 8 9 10 11 16 17 18 19 40 41 42 43 44 45 46 47 36 37 38 39
C:\cv_assignment_5\images\KakaoTalk_20240530_125615705_16.jpg
C:\cv_assignment_5\images\KakaoTalk_20240530_125615705_10.jpg
72
0 1 2 3 4 5 6 7 8 9 10 11 12 13 14 15 16 17 18 19 20 21 22 23 24 25 26 27 28 29 30 31 32 33 34 35 36 37 38 39 40 41 42 43 44 45 46 47 48 49 50 51 52 53 54 55 56 57 58 59 60 61 62 63 64 65 66 67 68 69 70 71
0 1 2 3 4 5 6 7 12 13 14 15 20 21 22 23 28 29 30 31 32 33 34 35 8 9 10 11 16 17 18 19 24 25 26 27 44 45 46 47 36 37 38 39 48 49 50 51 52 53 54 55 56 57 58 59 60 61 62 63 64 65 66 67 40 41 42 43 68 69 70 71
C:\cv_assignment_5\images\KakaoTalk_20240530_125615705_16.jpg
C:\cv_assignment_5\images\KakaoTalk_20240530_125615705_11.jpg
28
24 25 26 27 28 29 30 31 32 33 34 35 40 41 42 43 56 57 58 59 64 65 66 67 68 69 70 71
44 45 46 47 24 25 26 27 32 33 34 35 36 37 38 39 72 73 74 75 68 69 70 71 64 65 66 67
C:\cv_assignment_5\images\KakaoTalk_20240530_125615705_16.jpg
C:\cv_assignment_5\images\KakaoTalk_20240530_125615705_12.jpg
60
0 1 2 3 4 5 6 7 8 9 10 11 16 17 18 19 20 21 22 23 24 25 26 27 28 29 30 31 32 33 34 35 40 41 42 43 48 49 50 51 52 53 54 55 56 57 58 59 60 61 62 63 64 65 66 67 68 69 70 71
0 1 2 3 4 5 6 7 16 17 18 19 28 29 30 31 24 25 26 27 8 9 10 11 12 13 14 15 20 21 22 23 36 37 38 39 56 57 58 59 48 49 50 51 32 33 34 35 52 53 54 55 44 45 46 47 40 41 42 43
C:\cv_assignment_5\images\KakaoTalk_20240530_125615705_16.jpg
C:\cv_assignment_5\images\KakaoTalk_20240530_125615705_13.jpg
68
0 1 2 3 4 5 6 7 8 9 10 11 12 13 14 15 16 17 18 19 20 21 22 23 24 25 26 27 28 29 30 31 32 33 34 35 36 37 38 39 40 41 42 43 44 45 46 47 48 49 50 51 52 53 54 55 56 57 58 59 60 61 62 63 64 65 66 67
0 1 2 3 16 17 18 19 24 25 26 27 4 5 6 7 32 33 34 35 36 37 38 39 20 21 22 23 8 9 10 11 28 29 30 31 12 13 14 15 40 41 42 43 52 53 54 55 64 65 66 67 56 57 58 59 44 45 46 47 60 61 62 63 48 49 50 51
C:\cv_assignment_5\images\KakaoTalk_20240530_125615705_16.jpg
C:\cv_assignment_5\images\KakaoTalk_20240530_125615705_14.jpg
72
0 1 2 3 4 5 6 7 8 9 10 11 12 13 14 15 16 17 18 19 20 21 22 23 24 25 26 27 28 29 30 31 32 33 34 35 36 37 38 39 40 41 42 43 44 45 46 47 48 49 50 51 52 53 54 55 56 57 58 59 60 61 62 63 64 65 66 67 68 69 70 71
0 1 2 3 28 29 30 31 8 9 10 11 32 33 34 35 36 37 38 39 20 21 22 23 4 5 6 7 12 13 14 15 16 17 18 19 40 41 42 43 24 25 26 27 60 61 62 63 68 69 70 71 56 57 58 59 48 49 50 51 64 65 66 67 52 53 54 55 44 45 46 47
C:\cv_assignment_5\images\KakaoTalk_20240530_125615705_16.jpg
C:\cv_assignment_5\images\KakaoTalk_20240530_125615705_15.jpg
72
0 1 2 3 4 5 6 7 8 9 10 11 12 13 14 15 16 17 18 19 20 21 22 23 24 25 26 27 28 29 30 31 32 33 34 35 36 37 38 39 40 41 42 43 44 45 46 47 48 49 50 51 52 53 54 55 56 57 58 59 60 61 62 63 64 65 66 67 68 69 70 71
0 1 2 3 4 5 6 7 12 13 14 15 24 25 26 27 32 33 34 35 28 29 30 31 8 9 10 11 16 17 18 19 20 21 22 23 40 41 42 43 36 37 38 39 44 45 46 47 52 53 54 55 48 49 50 51 56 57 58 59 68 69 70 71 64 65 66 67 60 61 62 63
C:\cv_assignment_5\images\KakaoTalk_20240530_125615705_16.jpg
C:\cv_assignment_5\images\KakaoTalk_20240530_125615705_17.jpg
68
0 1 2 3 4 5 6 7 8 9 10 11 12 13 14 15 16 17 18 19 20 21 22 23 24 25 26 27 28 29 30 31 32 33 34 35 36 37 38 39 44 45 46 47 48 49 50 51 52 53 54 55 56 57 58 59 60 61 62 63 64 65 66 67 68 69 70 71
0 1 2 3 4 5 6 7 12 13 14 15 16 17 18 19 28 29 30 31 36 37 38 39 8 9 10 11 20 21 22 23 32 33 34 35 24 25 26 27 48 49 50 51 52 53 54 55 56 57 58 59 64 65 66 67 60 61 62 63 68 69 70 71 72 73 74 75
C:\cv_assignment_5\images\KakaoTalk_20240530_125615705_16.jpg
C:\cv_assignment_5\images\KakaoTalk_20240530_125615705_18.jpg
36
0 1 2 3 4 5 6 7 8 9 10 11 16 17 18 19 20 21 22 23 24 25 26 27 28 29 30 31 32 33 34 35 40 41 42 43
24 25 26 27 28 29 30 31 8 9 10 11 20 21 22 23 16 17 18 19 0 1 2 3 4 5 6 7 12 13 14 15 32 33 34 35
C:\cv_assignment_5\images\KakaoTalk_20240530_125615705_16.jpg
C:\cv_assignment_5\images\KakaoTalk_20240530_125615705_19.jpg
72
0 1 2 3 4 5 6 7 8 9 10 11 12 13 14 15 16 17 18 19 20 21 22 23 24 25 26 27 28 29 30 31 32 33 34 35 36 37 38 39 40 41 42 43 44 45 46 47 48 49 50 51 52 53 54 55 56 57 58 59 60 61 62 63 64 65 66 67 68 69 70 71
0 1 2 3 4 5 6 7 16 17 18 19 32 33 34 35 40 41 42 43 28 29 30 31 8 9 10 11 12 13 14 15 20 21 22 23 44 45 46 47 36 37 38 39 60 61 62 63 68 69 70 71 64 65 66 67 52 53 54 55 72 73 74 75 56 57 58 59 48 49 50 51
C:\cv_assignment_5\images\KakaoTalk_20240530_125615705_16.jpg
C:\cv_assignment_5\images\KakaoTalk_20240530_125615705_20.jpg
68
0 1 2 3 4 5 6 7 8 9 10 11 12 13 14 15 16 17 18 19 20 21 22 23 24 25 26 27 28 29 30 31 32 33 34 35 40 41 42 43 44 45 46 47 48 49 50 51 52 53 54 55 56 57 58 59 60 61 62 63 64 65 66 67 68 69 70 71
0 1 2 3 20 21 22 23 24 25 26 27 40 41 42 43 32 33 34 35 28 29 30 31 8 9 10 11 4 5 6 7 16 17 18 19 12 13 14 15 68 69 70 71 64 65 66 67 60 61 62 63 52 53 54 55 56 57 58 59 48 49 50 51 44 45 46 47
C:\cv_assignment_5\images\KakaoTalk_20240530_125615705_17.jpg
C:\cv_assignment_5\images\KakaoTalk_20240530_125615705_05.jpg
4
44 45 46 47
24 25 26 27
C:\cv_assignment_5\images\KakaoTalk_20240530_125615705_17.jpg
C:\cv_assignment_5\images\KakaoTalk_20240530_125615705_07.jpg
20
20 21 22 23 32 33 34 35 40 41 42 43 44 45 46 47 72 73 74 75
12 13 14 15 24 25 26 27 16 17 18 19 8 9 10 11 28 29 30 31
C:\cv_assignment_5\images\KakaoTalk_20240530_125615705_17.jpg
C:\cv_assignment_5\images\KakaoTalk_20240530_125615705_08.jpg
16
20 21 22 23 40 41 42 43 44 45 46 47 72 73 74 75
28 29 30 31 20 21 22 23 4 5 6 7 40 41 42 43
C:\cv_assignment_5\images\KakaoTalk_20240530_125615705_17.jpg
C:\cv_assignment_5\images\KakaoTalk_20240530_125615705_09.jpg
44
0 1 2 3 8 9 10 11 12 13 14 15 20 21 22 23 32 33 34 35 36 37 38 39 40 41 42 43 44 45 46 47 64 65 66 67 68 69 70 71 72 73 74 75
20 21 22 23 0 1 2 3 28 29 30 31 4 5 6 7 8 9 10 11 32 33 34 35 12 13 14 15 24 25 26 27 40 41 42 43 44 45 46 47 36 37 38 39
C:\cv_assignment_5\images\KakaoTalk_20240530_125615705_17.jpg
C:\cv_assignment_5\images\KakaoTalk_20240530_125615705_10.jpg
68
0 1 2 3 4 5 6 7 8 9 10 11 12 13 14 15 16 17 18 19 20 21 22 23 24 25 26 27 28 29 30 31 32 33 34 35 36 37 38 39 48 49 50 51 52 53 54 55 56 57 58 59 60 61 62 63 64 65 66 67 68 69 70 71 72 73 74 75
0 1 2 3 4 5 6 7 8 9 10 11 12 13 14 15 20 21 22 23 16 17 18 19 44 45 46 47 28 29 30 31 24 25 26 27 32 33 34 35 48 49 50 51 52 53 54 55 56 57 58 59 64 65 66 67 60 61 62 63 40 41 42 43 68 69 70 71
C:\cv_assignment_5\images\KakaoTalk_20240530_125615705_17.jpg
C:\cv_assignment_5\images\KakaoTalk_20240530_125615705_11.jpg
32
8 9 10 11 20 21 22 23 32 33 34 35 40 41 42 43 44 45 46 47 64 65 66 67 68 69 70 71 72 73 74 75
44 45 46 47 24 25 26 27 32 33 34 35 28 29 30 31 12 13 14 15 72 73 74 75 68 69 70 71 64 65 66 67
C:\cv_assignment_5\images\KakaoTalk_20240530_125615705_17.jpg
C:\cv_assignment_5\images\KakaoTalk_20240530_125615705_12.jpg
56
0 1 2 3 4 5 6 7 8 9 10 11 12 13 14 15 20 21 22 23 28 29 30 31 32 33 34 35 36 37 38 39 52 53 54 55 56 57 58 59 60 61 62 63 64 65 66 67 68 69 70 71 72 73 74 75
0 1 2 3 4 5 6 7 8 9 10 11 16 17 18 19 12 13 14 15 28 29 30 31 20 21 22 23 24 25 26 27 56 57 58 59 48 49 50 51 52 53 54 55 32 33 34 35 44 45 46 47 40 41 42 43
C:\cv_assignment_5\images\KakaoTalk_20240530_125615705_17.jpg
C:\cv_assignment_5\images\KakaoTalk_20240530_125615705_13.jpg
64
0 1 2 3 4 5 6 7 8 9 10 11 12 13 14 15 16 17 18 19 20 21 22 23 24 25 26 27 28 29 30 31 32 33 34 35 36 37 38 39 48 49 50 51 52 53 54 55 56 57 58 59 60 61 62 63 64 65 66 67 68 69 70 71
0 1 2 3 16 17 18 19 20 21 22 23 24 25 26 27 4 5 6 7 8 9 10 11 12 13 14 15 32 33 34 35 28 29 30 31 36 37 38 39 52 53 54 55 64 65 66 67 56 57 58 59 60 61 62 63 44 45 46 47 48 49 50 51
C:\cv_assignment_5\images\KakaoTalk_20240530_125615705_17.jpg
C:\cv_assignment_5\images\KakaoTalk_20240530_125615705_14.jpg
68
0 1 2 3 4 5 6 7 8 9 10 11 12 13 14 15 16 17 18 19 20 21 22 23 24 25 26 27 28 29 30 31 32 33 34 35 36 37 38 39 48 49 50 51 52 53 54 55 56 57 58 59 60 61 62 63 64 65 66 67 68 69 70 71 72 73 74 75
0 1 2 3 28 29 30 31 4 5 6 7 8 9 10 11 32 33 34 35 12 13 14 15 40 41 42 43 36 37 38 39 16 17 18 19 20 21 22 23 60 61 62 63 68 69 70 71 56 57 58 59 64 65 66 67 48 49 50 51 52 53 54 55 44 45 46 47
C:\cv_assignment_5\images\KakaoTalk_20240530_125615705_17.jpg
C:\cv_assignment_5\images\KakaoTalk_20240530_125615705_15.jpg
68
0 1 2 3 4 5 6 7 8 9 10 11 12 13 14 15 16 17 18 19 20 21 22 23 24 25 26 27 28 29 30 31 32 33 34 35 36 37 38 39 48 49 50 51 52 53 54 55 56 57 58 59 60 61 62 63 64 65 66 67 68 69 70 71 72 73 74 75
0 1 2 3 4 5 6 7 8 9 10 11 12 13 14 15 24 25 26 27 16 17 18 19 40 41 42 43 32 33 34 35 20 21 22 23 28 29 30 31 44 45 46 47 52 53 54 55 48 49 50 51 68 69 70 71 56 57 58 59 64 65 66 67 60 61 62 63
C:\cv_assignment_5\images\KakaoTalk_20240530_125615705_17.jpg
C:\cv_assignment_5\images\KakaoTalk_20240530_125615705_16.jpg
68
0 1 2 3 4 5 6 7 8 9 10 11 12 13 14 15 16 17 18 19 20 21 22 23 24 25 26 27 28 29 30 31 32 33 34 35 36 37 38 39 48 49 50 51 52 53 54 55 56 57 58 59 60 61 62 63 64 65 66 67 68 69 70 71 72 73 74 75
0 1 2 3 4 5 6 7 24 25 26 27 8 9 10 11 12 13 14 15 28 29 30 31 36 37 38 39 16 17 18 19 32 33 34 35 20 21 22 23 44 45 46 47 48 49 50 51 52 53 54 55 60 61 62 63 56 57 58 59 64 65 66 67 68 69 70 71
C:\cv_assignment_5\images\KakaoTalk_20240530_125615705_17.jpg
C:\cv_assignment_5\images\KakaoTalk_20240530_125615705_18.jpg
32
0 1 2 3 4 5 6 7 8 9 10 11 12 13 14 15 20 21 22 23 28 29 30 31 32 33 34 35 36 37 38 39
24 25 26 27 28 29 30 31 0 1 2 3 8 9 10 11 4 5 6 7 20 21 22 23 12 13 14 15 16 17 18 19
C:\cv_assignment_5\images\KakaoTalk_20240530_125615705_17.jpg
C:\cv_assignment_5\images\KakaoTalk_20240530_125615705_19.jpg
72
0 1 2 3 4 5 6 7 8 9 10 11 12 13 14 15 16 17 18 19 20 21 22 23 24 25 26 27 28 29 30 31 32 33 34 35 36 37 38 39 40 41 42 43 48 49 50 51 52 53 54 55 56 57 58 59 60 61 62 63 64 65 66 67 68 69 70 71 72 73 74 75
0 1 2 3 4 5 6 7 8 9 10 11 16 17 18 19 32 33 34 35 12 13 14 15 44 45 46 47 40 41 42 43 20 21 22 23 28 29 30 31 24 25 26 27 60 61 62 63 68 69 70 71 64 65 66 67 72 73 74 75 52 53 54 55 56 57 58 59 48 49 50 51
C:\cv_assignment_5\images\KakaoTalk_20240530_125615705_17.jpg
C:\cv_assignment_5\images\KakaoTalk_20240530_125615705_20.jpg
68
0 1 2 3 4 5 6 7 8 9 10 11 12 13 14 15 16 17 18 19 20 21 22 23 28 29 30 31 32 33 34 35 36 37 38 39 40 41 42 43 48 49 50 51 52 53 54 55 56 57 58 59 60 61 62 63 64 65 66 67 68 69 70 71 72 73 74 75
0 1 2 3 20 21 22 23 8 9 10 11 24 25 26 27 40 41 42 43 4 5 6 7 32 33 34 35 16 17 18 19 28 29 30 31 36 37 38 39 68 69 70 71 64 65 66 67 60 61 62 63 56 57 58 59 52 53 54 55 48 49 50 51 44 45 46 47
C:\cv_assignment_5\images\KakaoTalk_20240530_125615705_18.jpg
C:\cv_assignment_5\images\KakaoTalk_20240530_125615705_07.jpg
8
4 5 6 7 12 13 14 15
12 13 14 15 24 25 26 27
C:\cv_assignment_5\images\KakaoTalk_20240530_125615705_18.jpg
C:\cv_assignment_5\images\KakaoTalk_20240530_125615705_08.jpg
8
4 5 6 7 32 33 34 35
28 29 30 31 24 25 26 27
C:\cv_assignment_5\images\KakaoTalk_20240530_125615705_18.jpg
C:\cv_assignment_5\images\KakaoTalk_20240530_125615705_09.jpg
28
0 1 2 3 4 5 6 7 8 9 10 11 12 13 14 15 16 17 18 19 24 25 26 27 32 33 34 35
0 1 2 3 4 5 6 7 28 29 30 31 8 9 10 11 32 33 34 35 20 21 22 23 16 17 18 19
C:\cv_assignment_5\images\KakaoTalk_20240530_125615705_18.jpg
C:\cv_assignment_5\images\KakaoTalk_20240530_125615705_10.jpg
36
0 1 2 3 4 5 6 7 8 9 10 11 12 13 14 15 16 17 18 19 20 21 22 23 24 25 26 27 28 29 30 31 32 33 34 35
8 9 10 11 16 17 18 19 12 13 14 15 24 25 26 27 32 33 34 35 28 29 30 31 0 1 2 3 4 5 6 7 36 37 38 39
C:\cv_assignment_5\images\KakaoTalk_20240530_125615705_18.jpg
C:\cv_assignment_5\images\KakaoTalk_20240530_125615705_11.jpg
16
0 1 2 3 4 5 6 7 12 13 14 15 32 33 34 35
44 45 46 47 24 25 26 27 32 33 34 35 36 37 38 39
C:\cv_assignment_5\images\KakaoTalk_20240530_125615705_18.jpg
C:\cv_assignment_5\images\KakaoTalk_20240530_125615705_12.jpg
36
0 1 2 3 4 5 6 7 8 9 10 11 12 13 14 15 16 17 18 19 20 21 22 23 24 25 26 27 28 29 30 31 32 33 34 35
8 9 10 11 12 13 14 15 16 17 18 19 20 21 22 23 24 25 26 27 28 29 30 31 0 1 2 3 4 5 6 7 36 37 38 39
C:\cv_assignment_5\images\KakaoTalk_20240530_125615705_18.jpg
C:\cv_assignment_5\images\KakaoTalk_20240530_125615705_13.jpg
36
0 1 2 3 4 5 6 7 8 9 10 11 12 13 14 15 16 17 18 19 20 21 22 23 24 25 26 27 28 29 30 31 32 33 34 35
20 21 22 23 8 9 10 11 24 25 26 27 28 29 30 31 36 37 38 39 32 33 34 35 0 1 2 3 16 17 18 19 40 41 42 43
C:\cv_assignment_5\images\KakaoTalk_20240530_125615705_18.jpg
C:\cv_assignment_5\images\KakaoTalk_20240530_125615705_14.jpg
36
0 1 2 3 4 5 6 7 8 9 10 11 12 13 14 15 16 17 18 19 20 21 22 23 24 25 26 27 28 29 30 31 32 33 34 35
4 5 6 7 12 13 14 15 8 9 10 11 16 17 18 19 20 21 22 23 36 37 38 39 0 1 2 3 28 29 30 31 24 25 26 27
C:\cv_assignment_5\images\KakaoTalk_20240530_125615705_18.jpg
C:\cv_assignment_5\images\KakaoTalk_20240530_125615705_15.jpg
36
0 1 2 3 4 5 6 7 8 9 10 11 12 13 14 15 16 17 18 19 20 21 22 23 24 25 26 27 28 29 30 31 32 33 34 35
8 9 10 11 16 17 18 19 12 13 14 15 20 21 22 23 28 29 30 31 32 33 34 35 0 1 2 3 4 5 6 7 36 37 38 39
C:\cv_assignment_5\images\KakaoTalk_20240530_125615705_18.jpg
C:\cv_assignment_5\images\KakaoTalk_20240530_125615705_16.jpg
36
0 1 2 3 4 5 6 7 8 9 10 11 12 13 14 15 16 17 18 19 20 21 22 23 24 25 26 27 28 29 30 31 32 33 34 35
24 25 26 27 28 29 30 31 8 9 10 11 32 33 34 35 20 21 22 23 16 17 18 19 0 1 2 3 4 5 6 7 40 41 42 43
C:\cv_assignment_5\images\KakaoTalk_20240530_125615705_18.jpg
C:\cv_assignment_5\images\KakaoTalk_20240530_125615705_17.jpg
32
0 1 2 3 4 5 6 7 8 9 10 11 12 13 14 15 16 17 18 19 20 21 22 23 24 25 26 27 28 29 30 31
8 9 10 11 20 21 22 23 12 13 14 15 32 33 34 35 36 37 38 39 28 29 30 31 0 1 2 3 4 5 6 7
C:\cv_assignment_5\images\KakaoTalk_20240530_125615705_18.jpg
C:\cv_assignment_5\images\KakaoTalk_20240530_125615705_19.jpg
36
0 1 2 3 4 5 6 7 8 9 10 11 12 13 14 15 16 17 18 19 20 21 22 23 24 25 26 27 28 29 30 31 32 33 34 35
8 9 10 11 12 13 14 15 16 17 18 19 20 21 22 23 28 29 30 31 40 41 42 43 0 1 2 3 4 5 6 7 36 37 38 39
C:\cv_assignment_5\images\KakaoTalk_20240530_125615705_18.jpg
C:\cv_assignment_5\images\KakaoTalk_20240530_125615705_20.jpg
36
0 1 2 3 4 5 6 7 8 9 10 11 12 13 14 15 16 17 18 19 20 21 22 23 24 25 26 27 28 29 30 31 32 33 34 35
8 9 10 11 4 5 6 7 24 25 26 27 16 17 18 19 28 29 30 31 32 33 34 35 0 1 2 3 20 21 22 23 12 13 14 15
C:\cv_assignment_5\images\KakaoTalk_20240530_125615705_19.jpg
C:\cv_assignment_5\images\KakaoTalk_20240530_125615705_07.jpg
16
12 13 14 15 20 21 22 23 24 25 26 27 48 49 50 51
12 13 14 15 24 25 26 27 16 17 18 19 28 29 30 31
C:\cv_assignment_5\images\KakaoTalk_20240530_125615705_19.jpg
C:\cv_assignment_5\images\KakaoTalk_20240530_125615705_08.jpg
16
12 13 14 15 24 25 26 27 36 37 38 39 48 49 50 51
28 29 30 31 20 21 22 23 24 25 26 27 40 41 42 43
C:\cv_assignment_5\images\KakaoTalk_20240530_125615705_19.jpg
C:\cv_assignment_5\images\KakaoTalk_20240530_125615705_09.jpg
44
0 1 2 3 8 9 10 11 12 13 14 15 16 17 18 19 20 21 22 23 24 25 26 27 28 29 30 31 36 37 38 39 48 49 50 51 52 53 54 55 56 57 58 59
20 21 22 23 0 1 2 3 4 5 6 7 28 29 30 31 8 9 10 11 12 13 14 15 32 33 34 35 16 17 18 19 36 37 38 39 40 41 42 43 44 45 46 47
C:\cv_assignment_5\images\KakaoTalk_20240530_125615705_19.jpg
C:\cv_assignment_5\images\KakaoTalk_20240530_125615705_10.jpg
72
0 1 2 3 4 5 6 7 8 9 10 11 12 13 14 15 16 17 18 19 20 21 22 23 28 29 30 31 32 33 34 35 36 37 38 39 40 41 42 43 44 45 46 47 48 49 50 51 52 53 54 55 56 57 58 59 60 61 62 63 64 65 66 67 68 69 70 71 72 73 74 75
0 1 2 3 4 5 6 7 8 9 10 11 16 17 18 19 12 13 14 15 24 25 26 27 32 33 34 35 20 21 22 23 36 37 38 39 28 29 30 31 44 45 46 47 68 69 70 71 60 61 62 63 40 41 42 43 48 49 50 51 56 57 58 59 52 53 54 55 64 65 66 67
C:\cv_assignment_5\images\KakaoTalk_20240530_125615705_19.jpg
C:\cv_assignment_5\images\KakaoTalk_20240530_125615705_11.jpg
32
8 9 10 11 12 13 14 15 20 21 22 23 24 25 26 27 36 37 38 39 48 49 50 51 52 53 54 55 56 57 58 59
44 45 46 47 24 25 26 27 32 33 34 35 28 29 30 31 36 37 38 39 64 65 66 67 72 73 74 75 68 69 70 71
C:\cv_assignment_5\images\KakaoTalk_20240530_125615705_19.jpg
C:\cv_assignment_5\images\KakaoTalk_20240530_125615705_12.jpg
60
0 1 2 3 4 5 6 7 8 9 10 11 12 13 14 15 16 17 18 19 20 21 22 23 28 29 30 31 36 37 38 39 40 41 42 43 48 49 50 51 52 53 54 55 56 57 58 59 64 65 66 67 68 69 70 71 72 73 74 75
0 1 2 3 4 5 6 7 8 9 10 11 12 13 14 15 16 17 18 19 20 21 22 23 24 25 26 27 36 37 38 39 28 29 30 31 40 41 42 43 32 33 34 35 44 45 46 47 48 49 50 51 56 57 58 59 52 53 54 55
C:\cv_assignment_5\images\KakaoTalk_20240530_125615705_19.jpg
C:\cv_assignment_5\images\KakaoTalk_20240530_125615705_13.jpg
68
0 1 2 3 4 5 6 7 8 9 10 11 12 13 14 15 16 17 18 19 20 21 22 23 28 29 30 31 32 33 34 35 36 37 38 39 40 41 42 43 44 45 46 47 52 53 54 55 56 57 58 59 60 61 62 63 64 65 66 67 68 69 70 71 72 73 74 75
0 1 2 3 16 17 18 19 20 21 22 23 8 9 10 11 24 25 26 27 28 29 30 31 36 37 38 39 4 5 6 7 40 41 42 43 32 33 34 35 12 13 14 15 44 45 46 47 48 49 50 51 52 53 54 55 56 57 58 59 64 65 66 67 60 61 62 63
C:\cv_assignment_5\images\KakaoTalk_20240530_125615705_19.jpg
C:\cv_assignment_5\images\KakaoTalk_20240530_125615705_14.jpg
72
0 1 2 3 4 5 6 7 8 9 10 11 12 13 14 15 16 17 18 19 20 21 22 23 28 29 30 31 32 33 34 35 36 37 38 39 40 41 42 43 44 45 46 47 48 49 50 51 52 53 54 55 56 57 58 59 60 61 62 63 64 65 66 67 68 69 70 71 72 73 74 75
0 1 2 3 28 29 30 31 4 5 6 7 12 13 14 15 8 9 10 11 16 17 18 19 20 21 22 23 32 33 34 35 24 25 26 27 36 37 38 39 40 41 42 43 44 45 46 47 48 49 50 51 52 53 54 55 60 61 62 63 56 57 58 59 68 69 70 71 64 65 66 67
C:\cv_assignment_5\images\KakaoTalk_20240530_125615705_19.jpg
C:\cv_assignment_5\images\KakaoTalk_20240530_125615705_15.jpg
72
0 1 2 3 4 5 6 7 8 9 10 11 12 13 14 15 16 17 18 19 20 21 22 23 28 29 30 31 32 33 34 35 36 37 38 39 40 41 42 43 44 45 46 47 48 49 50 51 52 53 54 55 56 57 58 59 60 61 62 63 64 65 66 67 68 69 70 71 72 73 74 75
0 1 2 3 4 5 6 7 8 9 10 11 16 17 18 19 12 13 14 15 20 21 22 23 28 29 30 31 24 25 26 27 36 37 38 39 32 33 34 35 40 41 42 43 60 61 62 63 56 57 58 59 64 65 66 67 44 45 46 47 48 49 50 51 52 53 54 55 68 69 70 71
C:\cv_assignment_5\images\KakaoTalk_20240530_125615705_19.jpg
C:\cv_assignment_5\images\KakaoTalk_20240530_125615705_16.jpg
72
0 1 2 3 4 5 6 7 8 9 10 11 12 13 14 15 16 17 18 19 20 21 22 23 28 29 30 31 32 33 34 35 36 37 38 39 40 41 42 43 44 45 46 47 48 49 50 51 52 53 54 55 56 57 58 59 60 61 62 63 64 65 66 67 68 69 70 71 72 73 74 75
0 1 2 3 4 5 6 7 24 25 26 27 28 29 30 31 8 9 10 11 32 33 34 35 20 21 22 23 12 13 14 15 40 41 42 43 16 17 18 19 36 37 38 39 68 69 70 71 56 57 58 59 64 65 66 67 44 45 46 47 52 53 54 55 48 49 50 51 60 61 62 63
C:\cv_assignment_5\images\KakaoTalk_20240530_125615705_19.jpg
C:\cv_assignment_5\images\KakaoTalk_20240530_125615705_17.jpg
72
0 1 2 3 4 5 6 7 8 9 10 11 12 13 14 15 16 17 18 19 20 21 22 23 24 25 26 27 28 29 30 31 32 33 34 35 40 41 42 43 44 45 46 47 48 49 50 51 52 53 54 55 56 57 58 59 60 61 62 63 64 65 66 67 68 69 70 71 72 73 74 75
0 1 2 3 4 5 6 7 8 9 10 11 20 21 22 23 12 13 14 15 32 33 34 35 40 41 42 43 36 37 38 39 16 17 18 19 28 29 30 31 24 25 26 27 72 73 74 75 64 65 66 67 68 69 70 71 48 49 50 51 56 57 58 59 52 53 54 55 60 61 62 63
C:\cv_assignment_5\images\KakaoTalk_20240530_125615705_19.jpg
C:\cv_assignment_5\images\KakaoTalk_20240530_125615705_18.jpg
36
0 1 2 3 4 5 6 7 8 9 10 11 12 13 14 15 16 17 18 19 20 21 22 23 28 29 30 31 36 37 38 39 40 41 42 43
24 25 26 27 28 29 30 31 0 1 2 3 4 5 6 7 8 9 10 11 12 13 14 15 16 17 18 19 32 33 34 35 20 21 22 23
C:\cv_assignment_5\images\KakaoTalk_20240530_125615705_19.jpg
C:\cv_assignment_5\images\KakaoTalk_20240530_125615705_20.jpg
72
0 1 2 3 4 5 6 7 8 9 10 11 12 13 14 15 16 17 18 19 20 21 22 23 24 25 26 27 28 29 30 31 32 33 34 35 36 37 38 39 40 41 42 43 48 49 50 51 52 53 54 55 56 57 58 59 60 61 62 63 64 65 66 67 68 69 70 71 72 73 74 75
0 1 2 3 20 21 22 23 8 9 10 11 4 5 6 7 24 25 26 27 16 17 18 19 36 37 38 39 28 29 30 31 40 41 42 43 12 13 14 15 32 33 34 35 44 45 46 47 52 53 54 55 48 49 50 51 68 69 70 71 60 61 62 63 64 65 66 67 56 57 58 59
C:\cv_assignment_5\images\KakaoTalk_20240530_125615705_20.jpg
C:\cv_assignment_5\images\KakaoTalk_20240530_125615705_07.jpg
16
4 5 6 7 16 17 18 19 36 37 38 39 44 45 46 47
12 13 14 15 24 25 26 27 16 17 18 19 28 29 30 31
C:\cv_assignment_5\images\KakaoTalk_20240530_125615705_20.jpg
C:\cv_assignment_5\images\KakaoTalk_20240530_125615705_08.jpg
16
4 5 6 7 12 13 14 15 36 37 38 39 44 45 46 47
28 29 30 31 24 25 26 27 20 21 22 23 40 41 42 43
C:\cv_assignment_5\images\KakaoTalk_20240530_125615705_20.jpg
C:\cv_assignment_5\images\KakaoTalk_20240530_125615705_09.jpg
44
0 1 2 3 4 5 6 7 8 9 10 11 12 13 14 15 16 17 18 19 24 25 26 27 28 29 30 31 36 37 38 39 44 45 46 47 48 49 50 51 52 53 54 55
20 21 22 23 4 5 6 7 0 1 2 3 16 17 18 19 8 9 10 11 28 29 30 31 32 33 34 35 12 13 14 15 36 37 38 39 44 45 46 47 40 41 42 43
C:\cv_assignment_5\images\KakaoTalk_20240530_125615705_20.jpg
C:\cv_assignment_5\images\KakaoTalk_20240530_125615705_10.jpg
68
0 1 2 3 4 5 6 7 8 9 10 11 12 13 14 15 16 17 18 19 20 21 22 23 24 25 26 27 28 29 30 31 32 33 34 35 40 41 42 43 44 45 46 47 48 49 50 51 52 53 54 55 56 57 58 59 60 61 62 63 64 65 66 67 68 69 70 71
0 1 2 3 16 17 18 19 8 9 10 11 36 37 38 39 24 25 26 27 4 5 6 7 12 13 14 15 32 33 34 35 28 29 30 31 20 21 22 23 68 69 70 71 40 41 42 43 60 61 62 63 64 65 66 67 56 57 58 59 52 53 54 55 48 49 50 51
C:\cv_assignment_5\images\KakaoTalk_20240530_125615705_20.jpg
C:\cv_assignment_5\images\KakaoTalk_20240530_125615705_11.jpg
32
4 5 6 7 8 9 10 11 12 13 14 15 16 17 18 19 36 37 38 39 44 45 46 47 48 49 50 51 52 53 54 55
24 25 26 27 44 45 46 47 36 37 38 39 32 33 34 35 28 29 30 31 64 65 66 67 68 69 70 71 72 73 74 75
C:\cv_assignment_5\images\KakaoTalk_20240530_125615705_20.jpg
C:\cv_assignment_5\images\KakaoTalk_20240530_125615705_12.jpg
60
0 1 2 3 4 5 6 7 8 9 10 11 12 13 14 15 16 17 18 19 20 21 22 23 24 25 26 27 28 29 30 31 32 33 34 35 44 45 46 47 48 49 50 51 52 53 54 55 56 57 58 59 60 61 62 63 64 65 66 67
0 1 2 3 12 13 14 15 8 9 10 11 36 37 38 39 20 21 22 23 4 5 6 7 16 17 18 19 24 25 26 27 28 29 30 31 40 41 42 43 44 45 46 47 32 33 34 35 52 53 54 55 48 49 50 51 56 57 58 59
C:\cv_assignment_5\images\KakaoTalk_20240530_125615705_20.jpg
C:\cv_assignment_5\images\KakaoTalk_20240530_125615705_13.jpg
64
0 1 2 3 4 5 6 7 8 9 10 11 12 13 14 15 16 17 18 19 20 21 22 23 24 25 26 27 28 29 30 31 32 33 34 35 40 41 42 43 48 49 50 51 52 53 54 55 56 57 58 59 60 61 62 63 64 65 66 67 68 69 70 71
0 1 2 3 8 9 10 11 20 21 22 23 40 41 42 43 28 29 30 31 16 17 18 19 24 25 26 27 36 37 38 39 32 33 34 35 4 5 6 7 48 49 50 51 44 45 46 47 60 61 62 63 56 57 58 59 64 65 66 67 52 53 54 55
C:\cv_assignment_5\images\KakaoTalk_20240530_125615705_20.jpg
C:\cv_assignment_5\images\KakaoTalk_20240530_125615705_14.jpg
68
0 1 2 3 4 5 6 7 8 9 10 11 12 13 14 15 16 17 18 19 20 21 22 23 24 25 26 27 28 29 30 31 32 33 34 35 40 41 42 43 44 45 46 47 48 49 50 51 52 53 54 55 56 57 58 59 60 61 62 63 64 65 66 67 68 69 70 71
0 1 2 3 12 13 14 15 4 5 6 7 24 25 26 27 16 17 18 19 28 29 30 31 8 9 10 11 20 21 22 23 36 37 38 39 32 33 34 35 44 45 46 47 52 53 54 55 48 49 50 51 64 65 66 67 56 57 58 59 68 69 70 71 60 61 62 63
C:\cv_assignment_5\images\KakaoTalk_20240530_125615705_20.jpg
C:\cv_assignment_5\images\KakaoTalk_20240530_125615705_15.jpg
68
0 1 2 3 4 5 6 7 8 9 10 11 12 13 14 15 16 17 18 19 20 21 22 23 24 25 26 27 28 29 30 31 32 33 34 35 40 41 42 43 44 45 46 47 48 49 50 51 52 53 54 55 56 57 58 59 60 61 62 63 64 65 66 67 68 69 70 71
0 1 2 3 16 17 18 19 8 9 10 11 36 37 38 39 20 21 22 23 4 5 6 7 12 13 14 15 28 29 30 31 32 33 34 35 24 25 26 27 60 61 62 63 64 65 66 67 56 57 58 59 68 69 70 71 48 49 50 51 52 53 54 55 44 45 46 47
C:\cv_assignment_5\images\KakaoTalk_20240530_125615705_20.jpg
C:\cv_assignment_5\images\KakaoTalk_20240530_125615705_16.jpg
68
0 1 2 3 4 5 6 7 8 9 10 11 12 13 14 15 16 17 18 19 20 21 22 23 24 25 26 27 28 29 30 31 32 33 34 35 40 41 42 43 44 45 46 47 48 49 50 51 52 53 54 55 56 57 58 59 60 61 62 63 64 65 66 67 68 69 70 71
0 1 2 3 28 29 30 31 24 25 26 27 40 41 42 43 32 33 34 35 4 5 6 7 8 9 10 11 20 21 22 23 16 17 18 19 12 13 14 15 68 69 70 71 64 65 66 67 56 57 58 59 60 61 62 63 52 53 54 55 48 49 50 51 44 45 46 47
C:\cv_assignment_5\images\KakaoTalk_20240530_125615705_20.jpg
C:\cv_assignment_5\images\KakaoTalk_20240530_125615705_17.jpg
68
0 1 2 3 4 5 6 7 8 9 10 11 16 17 18 19 20 21 22 23 24 25 26 27 28 29 30 31 32 33 34 35 36 37 38 39 40 41 42 43 44 45 46 47 48 49 50 51 52 53 54 55 56 57 58 59 60 61 62 63 64 65 66 67 68 69 70 71
0 1 2 3 20 21 22 23 8 9 10 11 32 33 34 35 4 5 6 7 12 13 14 15 36 37 38 39 28 29 30 31 40 41 42 43 16 17 18 19 72 73 74 75 68 69 70 71 64 65 66 67 60 61 62 63 56 57 58 59 52 53 54 55 48 49 50 51
C:\cv_assignment_5\images\KakaoTalk_20240530_125615705_20.jpg
C:\cv_assignment_5\images\KakaoTalk_20240530_125615705_18.jpg
36
0 1 2 3 4 5 6 7 8 9 10 11 12 13 14 15 16 17 18 19 20 21 22 23 24 25 26 27 28 29 30 31 32 33 34 35
24 25 26 27 4 5 6 7 0 1 2 3 32 33 34 35 12 13 14 15 28 29 30 31 8 9 10 11 16 17 18 19 20 21 22 23
C:\cv_assignment_5\images\KakaoTalk_20240530_125615705_20.jpg
C:\cv_assignment_5\images\KakaoTalk_20240530_125615705_19.jpg
72
0 1 2 3 4 5 6 7 8 9 10 11 12 13 14 15 16 17 18 19 20 21 22 23 24 25 26 27 28 29 30 31 32 33 34 35 36 37 38 39 40 41 42 43 44 45 46 47 48 49 50 51 52 53 54 55 56 57 58 59 60 61 62 63 64 65 66 67 68 69 70 71
0 1 2 3 12 13 14 15 8 9 10 11 36 37 38 39 20 21 22 23 4 5 6 7 16 17 18 19 28 29 30 31 40 41 42 43 24 25 26 27 32 33 34 35 48 49 50 51 56 57 58 59 52 53 54 55 72 73 74 75 64 65 66 67 68 69 70 71 60 61 62 63
C:\cv_assignment_5\images\KakaoTalk_20240612_164344960.jpg
C:\cv_assignment_5\images\KakaoTalk_20240530_125615705_02.jpg
8
0 1 2 3 8 9 10 11
24 25 26 27 28 29 30 31
C:\cv_assignment_5\images\KakaoTalk_20240612_164344960.jpg
C:\cv_assignment_5\images\KakaoTalk_20240530_125615705_03.jpg
12
0 1 2 3 4 5 6 7 8 9 10 11
8 9 10 11 12 13 14 15 16 17 18 19
C:\cv_assignment_5\images\KakaoTalk_20240612_164344960.jpg
C:\cv_assignment_5\images\KakaoTalk_20240530_125615705_05.jpg
12
0 1 2 3 4 5 6 7 8 9 10 11
0 1 2 3 4 5 6 7 8 9 10 11
C:\cv_assignment_5\images\KakaoTalk_20240612_164344960.jpg
C:\cv_assignment_5\images\KakaoTalk_20240530_125615705_06.jpg
8
0 1 2 3 8 9 10 11
20 21 22 23 32 33 34 35
C:\cv_assignment_5\images\KakaoTalk_20240612_164344960.jpg
C:\cv_assignment_5\images\KakaoTalk_20240530_125615705_07.jpg
4
4 5 6 7
4 5 6 7
C:\cv_assignment_5\images\KakaoTalk_20240612_164344960.jpg
C:\cv_assignment_5\images\KakaoTalk_20240530_125615705_08.jpg
8
4 5 6 7 8 9 10 11
8 9 10 11 12 13 14 15
C:\cv_assignment_5\images\KakaoTalk_20240612_164344960.jpg
C:\cv_assignment_5\images\KakaoTalk_20240530_125615705_11.jpg
12
0 1 2 3 4 5 6 7 8 9 10 11
0 1 2 3 8 9 10 11 16 17 18 19
C:\cv_assignment_5\images\KakaoTalk_20240612_164344960.jpg
C:\cv_assignment_5\images\KakaoTalk_20240612_164344960_01.jpg
12
0 1 2 3 4 5 6 7 8 9 10 11
0 1 2 3 4 5 6 7 8 9 10 11
C:\cv_assignment_5\images\KakaoTalk_20240612_164344960.jpg
C:\cv_assignment_5\images\KakaoTalk_20240612_164344960_02.jpg
12
0 1 2 3 4 5 6 7 8 9 10 11
0 1 2 3 4 5 6 7 8 9 10 11
C:\cv_assignment_5\images\KakaoTalk_20240612_164344960_01.jpg
C:\cv_assignment_5\images\KakaoTalk_20240530_125615705_02.jpg
8
0 1 2 3 8 9 10 11
24 25 26 27 28 29 30 31
C:\cv_assignment_5\images\KakaoTalk_20240612_164344960_01.jpg
C:\cv_assignment_5\images\KakaoTalk_20240530_125615705_03.jpg
12
0 1 2 3 4 5 6 7 8 9 10 11
8 9 10 11 12 13 14 15 16 17 18 19
C:\cv_assignment_5\images\KakaoTalk_20240612_164344960_01.jpg
C:\cv_assignment_5\images\KakaoTalk_20240530_125615705_05.jpg
12
0 1 2 3 4 5 6 7 8 9 10 11
0 1 2 3 4 5 6 7 8 9 10 11
C:\cv_assignment_5\images\KakaoTalk_20240612_164344960_01.jpg
C:\cv_assignment_5\images\KakaoTalk_20240530_125615705_06.jpg
8
0 1 2 3 8 9 10 11
20 21 22 23 32 33 34 35
C:\cv_assignment_5\images\KakaoTalk_20240612_164344960_01.jpg
C:\cv_assignment_5\images\KakaoTalk_20240530_125615705_07.jpg
4
4 5 6 7
4 5 6 7
C:\cv_assignment_5\images\KakaoTalk_20240612_164344960_01.jpg
C:\cv_assignment_5\images\KakaoTalk_20240530_125615705_08.jpg
8
4 5 6 7 8 9 10 11
8 9 10 11 12 13 14 15
C:\cv_assignment_5\images\KakaoTalk_20240612_164344960_01.jpg
C:\cv_assignment_5\images\KakaoTalk_20240530_125615705_11.jpg
12
0 1 2 3 4 5 6 7 8 9 10 11
0 1 2 3 8 9 10 11 16 17 18 19
C:\cv_assignment_5\images\KakaoTalk_20240612_164344960_01.jpg
C:\cv_assignment_5\images\KakaoTalk_20240612_164344960.jpg
12
0 1 2 3 4 5 6 7 8 9 10 11
0 1 2 3 4 5 6 7 8 9 10 11
C:\cv_assignment_5\images\KakaoTalk_20240612_164344960_01.jpg
C:\cv_assignment_5\images\KakaoTalk_20240612_164344960_02.jpg
12
0 1 2 3 4 5 6 7 8 9 10 11
0 1 2 3 4 5 6 7 8 9 10 11
C:\cv_assignment_5\images\KakaoTalk_20240612_164344960_02.jpg
C:\cv_assignment_5\images\KakaoTalk_20240530_125615705_02.jpg
8
0 1 2 3 8 9 10 11
24 25 26 27 28 29 30 31
C:\cv_assignment_5\images\KakaoTalk_20240612_164344960_02.jpg
C:\cv_assignment_5\images\KakaoTalk_20240530_125615705_03.jpg
12
0 1 2 3 4 5 6 7 8 9 10 11
8 9 10 11 12 13 14 15 16 17 18 19
C:\cv_assignment_5\images\KakaoTalk_20240612_164344960_02.jpg
C:\cv_assignment_5\images\KakaoTalk_20240530_125615705_05.jpg
12
0 1 2 3 4 5 6 7 8 9 10 11
0 1 2 3 4 5 6 7 8 9 10 11
C:\cv_assignment_5\images\KakaoTalk_20240612_164344960_02.jpg
C:\cv_assignment_5\images\KakaoTalk_20240530_125615705_06.jpg
8
0 1 2 3 8 9 10 11
20 21 22 23 32 33 34 35
C:\cv_assignment_5\images\KakaoTalk_20240612_164344960_02.jpg
C:\cv_assignment_5\images\KakaoTalk_20240530_125615705_07.jpg
4
4 5 6 7
4 5 6 7
C:\cv_assignment_5\images\KakaoTalk_20240612_164344960_02.jpg
C:\cv_assignment_5\images\KakaoTalk_20240530_125615705_08.jpg
8
4 5 6 7 8 9 10 11
8 9 10 11 12 13 14 15
C:\cv_assignment_5\images\KakaoTalk_20240612_164344960_02.jpg
C:\cv_assignment_5\images\KakaoTalk_20240530_125615705_11.jpg
12
0 1 2 3 4 5 6 7 8 9 10 11
0 1 2 3 8 9 10 11 16 17 18 19
C:\cv_assignment_5\images\KakaoTalk_20240612_164344960_02.jpg
C:\cv_assignment_5\images\KakaoTalk_20240612_164344960.jpg
12
0 1 2 3 4 5 6 7 8 9 10 11
0 1 2 3 4 5 6 7 8 9 10 11
C:\cv_assignment_5\images\KakaoTalk_20240612_164344960_02.jpg
C:\cv_assignment_5\images\KakaoTalk_20240612_164344960_01.jpg
12
0 1 2 3 4 5 6 7 8 9 10 11
0 1 2 3 4 5 6 7 8 9 10 11
